[artifact]
id = "STPT-008"
updated = "2026-02-12"
epochs = 64
learning_rate = 0.050000
plateau_tolerance = 0.00010000
pentagon_residual = 0.375000
hubble_alignment = 0.579318
plateau_epoch = -1
plateau_label = "none"
verdict = "supported"

[trace_preview]
sample_count = 16
losses = [2.36661223, 2.20390764, 2.05238899, 1.91128725, 1.77988625, 1.65751907, 1.54356463, 1.43744456, 1.33862025, 1.24659011, 1.16088704, 1.08107605, 1.00675208, 0.93753787, 0.87308214, 0.81305774]
hubble = [1.00000000, 1.01536322, 1.03145051, 1.04825738, 1.06577816, 1.08400613, 1.10293363, 1.12255221, 1.14285273, 1.16382550, 1.18546033, 1.20774668, 1.23067373, 1.25423043, 1.27840564, 1.30318814]
