───────────────────────────────────────────────────────────────────────────────
Language            Files       Lines    Blanks  Comments       Code Complexity
───────────────────────────────────────────────────────────────────────────────
Rust                2,398     803,895    66,573   192,560    544,762     50,890
TOML                   86      14,181     1,366       559     12,256         32
Cuda                   40      12,716     1,416     2,045      9,255      1,205
WebGPU Shading…        36       4,533       540       555      3,438        297
CSV                    10       2,340         0         0      2,340          0
GLSL                    5         312        58        39        215         34
Markdown                5         933       267         0        666          0
───────────────────────────────────────────────────────────────────────────────
Total               2,580     838,910    70,220   195,758    572,932     52,458
───────────────────────────────────────────────────────────────────────────────
Processed 31231665 bytes, 31.232 megabytes (SI)
───────────────────────────────────────────────────────────────────────────────
