CL 2001  33 20 34  0  11.7   9.3   8.0   5.0  11.2   0.9   1.3   1.5   0.6   1.9  378.7   -4.1   13.9   3.2 999.9   29981 9999   2.2  379.0   47.7   24.4   53.6  7.9  15.6  7.1    4.44  0.92 9.9  66  18 999 9 99 9 9 9 9
CL 2001  33 21  4  0  12.1   9.4   7.9   5.0  11.2   0.8   2.1   0.3   1.8   1.2  375.2   -2.7    9.8   3.0 999.9   27481 9999   2.3  375.3   47.3   26.2   54.1  7.9  14.3  6.9    3.78  0.85 9.9  69  56 999 9 99 9 9 9 9
CL 2001  33 21 14  0  12.2   9.5   7.8   5.1  11.2   2.5   1.1  -0.4   1.2   0.1  379.6   -9.3   11.0   2.7 999.9   35111 9999   2.8  379.9   48.5   33.6   59.0  7.8  11.3  6.4    2.41  0.78 9.9  25  85 999 9 99 9 9 9 9
CL 2001  33 21 20  0  12.2   9.5   7.8   5.1  11.2   2.5   1.6   0.4   1.3   1.0  376.0   -7.5    9.7   2.8 999.9   31554 9999   3.0  376.2   47.9   35.8   59.8  7.8  10.5  6.3    2.08  0.79 9.9  33  52 999 9 99 9 9 9 9
CL 2001  33 21 26  0  12.3   9.5   7.7   5.1  11.1   2.6   1.5   1.3   0.8   1.8  373.3   -7.5   12.0   2.8 999.9   29324 9999   3.3  373.6   47.6   39.1   61.6  7.8   9.6  6.1    1.72  0.78 9.9  37  24 999 9 99 9 9 9 9
CL 2001  33 21 35  0  12.4   9.5   7.7   5.0  11.1   2.4   0.9   1.6   0.1   1.9  374.5   -8.9   13.7   2.9 999.9   30905 9999   3.0  374.9   47.8   35.5   59.6  7.8  10.6  6.3    2.10  0.81 9.9  37   3 999 9 99 9 9 9 9
CL 2001  33 21 43  0  12.5   9.5   7.6   5.1  11.1   1.4   0.8   1.1   0.3   1.3  374.8   -7.3   12.7   3.1 999.9   33101 9999   2.0  375.1   48.2   22.2   53.0  7.8  16.9  7.1    5.47  0.87 9.9  44  13 999 9 99 9 9 9 9
CL 2001  43  7 35  0  11.9   7.1   8.4   5.2   9.7  -3.8   2.4   1.6   1.9   2.1  388.4    5.9   17.4   5.2 999.9   97677 9999   4.8  388.8   57.0   41.8   70.7  6.8   9.3  5.5    2.15  1.57 9.9  37  42 999 9 99 9 9 9 9
CL 2001  44 14 39 30  12.7   0.8  -6.4   2.2  -6.0   0.8   5.2   2.0   4.6   3.0  501.1  -38.4  -32.5   8.5 999.9  264641 9999   5.6  503.6   75.2   38.6   84.5  6.7  13.0  6.0    4.39  4.31 9.9  82  57 999 9 99 9 9 9 9
CL 2001  44 14 45 30  12.6   0.7  -6.4   2.2  -6.1  -0.4   3.3   0.8   3.1   1.4  510.5  -38.0  -20.6   6.7 999.9  306103 9999   3.4  512.3   79.1   26.4   83.4  6.5  19.4  6.1   10.36  3.52 9.9  83  66 999 9 99 9 9 9 9
CL 2001  44 14 47 30  12.6   0.7  -6.4   2.2  -6.1   1.2   3.2   1.7   2.7   2.3  514.8  -31.5  -16.7   5.7 999.9  318659 9999   3.8  516.0   80.2   32.0   86.3  6.4  16.1  6.0    7.28  3.04 9.9  72  50 999 9 99 9 9 9 9
CL 2001  44 15 15  0  12.2   0.5  -6.6   2.2  -6.3   8.0   3.1   6.7   1.5   7.2  512.2  -60.8   -7.7   4.6 999.9  265940 9999  10.9  515.9   75.3  101.5  126.4  6.8   5.1  4.1    0.64  2.45 9.9  43  12 999 9 99 9 9 9 9
CL 2001  44 15 16  0  12.1   0.5  -6.6   2.2  -6.3   8.2   2.9   6.7   1.3   7.1  512.2  -60.8   -7.7   4.6 999.9  265940 9999  11.0  515.9   75.3  102.4  127.1  6.8   5.0  4.1    0.63  2.45 9.9  42  10 999 9 99 9 9 9 9
CL 2001  44 16 22 30  11.0   0.1  -6.9   2.2  -6.5  -6.7   5.1  -5.1   6.3  -3.5  564.7  -73.2   32.5   4.1 999.9  260447 9999   9.8  570.4   74.8   97.2  122.7  7.6   5.9  4.6    0.68  2.67 9.9  47 119 999 9 99 9 9 9 9
CL 2001  44 16 31  0  10.8   0.0  -6.9   2.1  -6.6  -6.8   5.7  -3.7   6.5  -1.9  565.7  -77.6   22.8   4.9 999.9  231962 9999   9.6  571.5   72.0   86.9  112.8  7.9   6.6  5.1    0.79  3.20 9.9  45 106 999 9 99 9 9 9 9
CL 2001  44 16 37  0  10.7   0.0  -6.9   2.2  -6.6  -7.2   4.5  -3.6   5.3  -2.1  566.9  -77.4   16.2   5.2 999.9  236868 9999   9.2  572.4   72.5   80.9  108.6  7.9   7.1  5.3    0.93  3.41 9.9  39 112 999 9 99 9 9 9 9
CL 2001  44 16 43 30  10.6  -0.1  -7.0   2.1  -6.7  -5.5   8.0   2.4   6.9   4.6  566.8  -97.3   -2.9   5.9 999.9  231716 9999  10.0  575.1   72.0   82.3  109.4  8.0   7.0  5.3    0.88  3.90 9.9  57  56 999 9 99 9 9 9 9
CL 2001  45 14 59  0  10.7   6.4   8.8   4.0  10.1   3.5  -3.7  -2.8  -3.0  -3.5  492.4   13.2   15.0   4.1 999.9  227324 9999   5.8  492.8   71.5   57.4   91.7  6.9   8.6  5.4    1.80  1.99 9.9  53 139 999 9 99 9 9 9 9
CL 2001  45 15  0  0  10.7   6.4   8.8   4.0  10.1   3.4  -3.6  -3.0  -2.9  -3.7  492.8   13.7   15.8   4.1 999.9  226081 9999   5.8  493.2   71.4   57.2   91.5  6.9   8.6  5.4    1.80  1.99 9.9  54 142 999 9 99 9 9 9 9
CL 2001  45 16 22  0  11.9   6.6   8.5   3.7  10.1   1.4  -6.3   0.6  -6.2  -1.2  499.6   21.4  -13.8   3.5 999.9  215833 9999   6.5  500.2   70.4   69.3   98.8  7.1   7.2  5.1    1.19  1.75 9.9  78 101 999 9 99 9 9 9 9
CL 2001  45 16 51 30  12.4   6.6   8.4   3.5  10.1   1.9  -5.8   0.2  -5.6  -1.5  501.6   12.3  -20.3   3.5 999.9  215251 9999   6.1  502.2   70.3   65.3   95.9  7.1   7.7  5.2    1.34  1.77 9.9  72 105 999 9 99 9 9 9 9
CL 2001  45 16 55  0  12.4   6.6   8.3   3.5  10.0   1.9  -6.0   0.5  -5.9  -1.3  502.3   15.1  -19.6   3.5 999.9  208116 9999   6.3  502.9   69.6   67.5   96.9  7.2   7.5  5.2    1.23  1.77 9.9  72 102 999 9 99 9 9 9 9
CL 2001  45 16 57  0  12.4   6.6   8.3   3.5  10.0   1.8  -6.1   0.4  -6.0  -1.4  503.5   16.6  -15.7   3.5 999.9  206962 9999   6.4  504.0   69.5   68.1   97.3  7.3   7.4  5.2    1.20  1.78 9.9  74 103 999 9 99 9 9 9 9
CL 2001  45 17  6 30  12.6   6.6   8.3   3.4  10.0   1.9  -6.0  -0.8  -5.5  -2.6  503.1   20.9  -14.0   3.4 999.9  219396 9999   6.3  503.7   70.7   68.8   98.7  7.1   7.3  5.1    1.22  1.73 9.9  73 115 999 9 99 9 9 9 9
CL 2001  45 17 34  0  12.9   6.7   8.1   3.3  10.0   2.5  -5.5  -2.5  -4.4  -4.2  500.4   18.3  -12.6   3.2 999.9  220101 9999   6.5  500.9   70.8   73.1  101.8  7.1   6.9  4.9    1.09  1.61 9.9  68 134 999 9 99 9 9 9 9
CL 2001  45 17 37 30  13.0   6.7   8.1   3.3  10.0   2.8  -5.6  -2.4  -4.5  -4.1  502.3   12.5  -14.4   2.8 999.9  220576 9999   6.7  502.7   70.8   80.1  107.0  7.1   6.3  4.7    0.90  1.41 9.9  65 132 999 9 99 9 9 9 9
CL 2001  48  5 29  0  15.2   6.1   7.2   3.5   8.8   3.9  -0.9   1.0  -1.2   0.6  427.2  -16.7  -10.6   1.8 999.9   93591 9999   4.1  427.7   56.5   61.5   83.5  7.6   7.0  5.1    0.98  0.66 9.9  19  63 999 9 99 9 9 9 9
CL 2001  48  5 39  0  15.3   6.1   7.1   3.6   8.7   4.0  -0.8   1.0  -1.1   0.7  428.1  -13.8   -9.9   1.8 999.9   97888 9999   4.2  428.4   57.0   62.6   84.7  7.5   6.8  5.1    0.96  0.66 9.9  18  58 999 9 99 9 9 9 9
CL 2001  48  5 40 30  15.3   6.1   7.1   3.6   8.7   4.0  -0.9   1.0  -1.2   0.6  428.3  -12.7   -9.6   1.9 999.9   95702 9999   4.2  428.6   56.8   61.2   83.5  7.6   7.0  5.1    0.99  0.70 9.9  19  63 999 9 99 9 9 9 9
CL 2001  48  5 42  0  15.3   6.1   7.1   3.6   8.6   4.0  -0.9   1.0  -1.2   0.6  428.4  -13.5   -9.3   1.9 999.9   93688 9999   4.2  428.7   56.5   61.2   83.3  7.6   7.0  5.1    0.99  0.70 9.9  19  63 999 9 99 9 9 9 9
CL 2001  48  5 46  0  15.4   6.1   7.0   3.6   8.5   4.0  -1.1   0.9  -1.3   0.4  429.3  -12.4   -8.7   1.9 999.9   92364 9999   4.2  429.6   56.3   61.6   83.5  7.6   7.0  5.1    0.97  0.70 9.9  20  73 999 9 99 9 9 9 9
CL 2001  51 17  6 30  13.5  -0.6  -6.1   1.6  -5.9   6.4  -3.8   7.3  -5.9   5.8  325.5  -17.8   15.4   9.2 999.9   30837 9999  10.4  326.3   47.8   68.7   83.7  6.8   4.7  3.9    0.56  1.96 9.9  52  45 999 9 99 9 9 9 9
CL 2001  51 17 52  0  12.8  -0.8  -6.3   1.7  -6.1   3.0  -3.8   2.1  -4.3   0.7  350.9  -28.7   27.5   9.0 999.9   94711 9999   5.3  353.1   56.6   35.2   66.7  6.2  10.0  5.3    3.00  2.24 9.9  55  81 999 9 99 9 9 9 9
CL 2001  51 19  7  0  11.5  -1.2  -6.7   1.9  -6.5   3.2  -4.7   2.8  -5.4   0.7  350.8  -29.8   27.9   8.4 999.9  118989 9999   6.3  353.2   59.6   43.7   74.0  5.9   8.1  4.8    2.15  2.10 9.9  60  83 999 9 99 9 9 9 9
CL 2001  52 17 25  0  10.6   5.0   8.9   1.3  10.1  -1.4  -4.2   0.4  -4.1  -1.1  367.3    9.0   -5.6   5.8 999.9   35612 9999   4.4  367.5   48.5   36.9   61.0  7.6  10.0  6.0    2.00  1.57 9.9  72 105 999 9 99 9 9 9 9
CL 2001  52 17 28  0  10.6   5.0   8.9   1.3  10.1  -1.3  -4.6   0.8  -4.6  -0.8  366.2    6.6   -6.7   5.7 999.9   29857 9999   4.8  366.3   47.7   40.6   62.6  7.7   9.0  5.8    1.60  1.53 9.9  74 100 999 9 99 9 9 9 9
CL 2001  52 18  7 30  11.3   5.0   8.8   1.0  10.1   2.4  -1.8   2.2  -2.4   1.4  351.2   -2.2  -10.9   4.9 999.9   62617 9999   3.7  351.4   52.4   33.6   62.2  6.7  10.5  5.6    2.81  1.21 9.9  50  60 999 9 99 9 9 9 9
CL 2001  52 18  8 30  11.3   5.0   8.8   1.0  10.1   2.7  -1.4   2.3  -2.2   1.6  350.2   -4.3  -10.7   4.7 999.9   67090 9999   3.8  350.4   53.0   35.2   63.6  6.6  10.0  5.5    2.63  1.15 9.9  45  54 999 9 99 9 9 9 9
CL 2001  52 18 10 30  11.3   5.0   8.8   1.0  10.1   3.5  -0.8   2.4  -1.6   1.9  348.7   -7.0  -10.3   4.5 999.9   74890 9999   4.3  348.9   54.1   40.7   67.7  6.5   8.6  5.2    2.04  1.10 9.9  36  40 999 9 99 9 9 9 9
CL 2001  52 18 28  0  11.6   5.0   8.8   0.8  10.1   2.0  -1.8   2.7  -2.7   1.8  352.9   -0.3  -18.1   5.0 999.9   61204 9999   3.8  353.4   52.2   34.1   62.3  6.8  10.4  5.7    2.71  1.25 9.9  58  56 999 9 99 9 9 9 9
CL 2001  52 18 29 30  11.6   5.0   8.7   0.9  10.0   1.7  -2.3   2.8  -3.2   1.7  354.3    3.6  -19.1   5.2 999.9   57385 9999   4.0  354.8   51.7   35.1   62.5  6.9  10.1  5.7    2.51  1.31 9.9  65  62 999 9 99 9 9 9 9
CL 2001  52 18 41  0  11.8   5.0   8.7   0.8  10.0   2.7  -3.0   2.0  -3.5   0.7  349.4    5.6  -12.0   4.6 999.9   58005 9999   4.5  349.7   51.8   42.0   66.7  6.8   8.3  5.2    1.76  1.12 9.9  53  79 999 9 99 9 9 9 9
CL 2001  52 18 48  0  11.9   5.0   8.7   0.7  10.0   2.0  -3.1   2.2  -3.7   0.8  351.4    8.3  -14.9   5.1 999.9   50032 9999   4.3  351.8   50.6   38.0   63.3  6.9   9.2  5.6    2.05  1.26 9.9  62  78 999 9 99 9 9 9 9
CL 2001  54  2 18  0  13.4  -1.2  -6.1   1.8  -5.9   3.7  -3.2   1.9  -3.8   0.0  328.2   17.6  -32.2   7.0 999.9   62851 9999   5.2  330.2   52.4   39.7   65.7  6.3   8.3  5.0    2.02  1.53 9.9  45  90 999 9 99 9 9 9 9
CL 2001  54  2 36  0  13.1  -1.3  -6.2   1.7  -6.1   2.7  -5.3   0.3  -4.7  -2.4  333.2   21.1  -26.7   7.8 999.9   46785 9999   6.0  334.9   50.2   42.6   65.8  6.7   7.9  5.1    1.60  1.75 9.9  63 117 999 9 99 9 9 9 9
CL 2001  54  4 11  0  11.5  -1.7  -6.8   1.2  -6.9   5.6  -7.4   0.9  -7.0  -2.5  337.8   22.7  -38.0  14.7 999.9   29916 9999   9.3  340.7   47.7   48.6   68.1  7.1   7.0  5.0    1.11  3.41 9.9  53 110 999 9 99 9 9 9 9
CL 2001  54  4 36  0  11.1  -1.8  -6.9   1.0  -7.1  -2.7  -7.7  -5.9  -4.4  -8.6  356.1   24.7  -33.0  17.3 999.9   25736 9999  10.1  358.5   47.1   48.4   67.5  7.6   7.4  5.3    1.09  4.45 9.9  74 153 999 9 99 9 9 9 9
CL 2001  54  4 46  0  10.9  -1.8  -6.9   0.9  -7.1  -3.9  -6.0  -7.4  -2.3  -9.2  361.8   17.9  -27.2  17.9 999.9   23725 9999  10.3  363.3   46.7   48.7   67.5  7.8   7.5  5.4    1.07  4.72 9.9  68 166 999 9 99 9 9 9 9
CL 2001  54  5 42  0   9.8  -2.0  -7.1   0.5  -7.4  -0.9  -4.3  -1.2  -3.5  -2.8  356.0    9.4  -42.6  20.3 999.9   46522 9999   4.6  358.7   50.1   20.2   54.1  7.2  17.7  6.6    7.12  5.22 9.9  79 129 999 9 99 9 9 9 9
CL 2001  54  8 59  0   5.2  -2.5  -7.2  -1.0  -7.6  -3.0  -2.8  -4.7  -1.6  -5.2  354.7  -19.9  -33.6  10.7 999.9   66352 9999   6.2  356.8   52.9   38.1   65.2  6.7   9.4  5.5    2.23  2.73 9.9  61 163 999 9 99 9 9 9 9
CL 2001  67  0 32 30  11.8   2.1   8.8  -3.0   8.5  -4.3  -0.2  -1.0   0.4  -0.9  437.4   -9.7  -20.6   4.1 999.9   75475 9999   4.4  438.0   54.1   43.7   69.5  8.1  10.0  6.3    1.78  1.57 9.9  13 156 999 9 99 9 9 9 9
CL 2001  67  0 58 30  12.3   2.0   8.7  -2.9   8.4  -3.7   2.5   0.9   1.6   2.1  447.3   21.7   -8.9   4.5 999.9   79493 9999   4.6  447.9   54.7   42.9   69.5  8.2  10.4  6.4    1.88  1.81 9.9  36  37 999 9 99 9 9 9 9
CL 2001  67  1  9 30  12.4   2.0   8.7  -2.9   8.4  -3.6  -0.6   2.7  -1.9   1.9  445.4   -0.7    8.8   4.3 999.9   68356 9999   4.5  445.5   53.2   43.8   68.9  8.4  10.2  6.5    1.71  1.71 9.9  38  45 999 9 99 9 9 9 9
CL 2001  67  1 12  0  12.5   2.0   8.7  -2.9   8.4  -3.6  -0.8   2.9  -2.2   2.0  445.4   -3.9   12.0   4.4 999.9   66808 9999   4.7  445.6   53.0   44.7   69.3  8.4  10.0  6.4    1.62  1.75 9.9  40  48 999 9 99 9 9 9 9
CL 2001  67  1 13  0  12.5   2.0   8.7  -2.9   8.4  -3.4  -0.9   3.1  -2.4   2.1  446.9   -4.0   13.9   4.4 999.9   64842 9999   4.7  447.1   52.7   44.7   69.1  8.5  10.0  6.5    1.61  1.76 9.9  44  49 999 9 99 9 9 9 9
CL 2001  68  8 51  0  12.8  -4.5  -6.2  -2.9  -7.1  -1.2   0.0   4.1  -1.1   4.0  454.8  -13.3    5.1   4.1 999.9   71561 9999   4.3  455.0   53.6   42.2   68.2  8.5  10.8  6.7    1.87  1.70 9.9  74  15 999 9 99 9 9 9 9
CL 2001  68  9 50  0  11.8  -4.5  -6.5  -2.9  -7.3  -2.4   1.6   0.6   1.4   1.0  446.1   -8.6  -17.6   3.7 999.9   93865 9999   2.9  446.5   56.5   30.6   64.3  7.9  14.6  6.9    3.94  1.48 9.9  35  54 999 9 99 9 9 9 9
CL 2001  68  9 55 30  11.7  -4.5  -6.6  -2.9  -7.4  -2.5   1.5  -2.7   2.1  -2.3  444.2  -16.7  -49.2   3.8 999.9   91079 9999   4.0  447.2   56.2   40.8   69.4  8.0  11.0  6.4    2.20  1.52 9.9  51 138 999 9 99 9 9 9 9
CL 2001  68 10  5  0  11.6  -4.5  -6.6  -2.9  -7.4  -2.1   1.8  -3.2   2.5  -2.7  447.3  -10.4  -48.8   3.8 999.9   88080 9999   4.2  450.1   55.8   43.4   70.7  8.1  10.4  6.4    1.91  1.54 9.9  60 137 999 9 99 9 9 9 9
CL 2001  68 10  8  0  11.5  -4.5  -6.6  -2.9  -7.4  -1.8   1.6  -3.0   2.2  -2.5  449.4  -12.5  -45.9   3.8 999.9   90960 9999   3.8  451.9   56.2   39.5   68.6  8.0  11.4  6.6    2.34  1.55 9.9  62 139 999 9 99 9 9 9 9
CL 2001  68 10 17  0  11.4  -4.5  -6.7  -2.9  -7.5  -1.5   3.4   1.5   2.9   2.3  454.7    4.1  -17.6   3.9 999.9   91803 9999   4.0  455.1   56.3   40.6   69.4  8.1  11.2  6.6    2.22  1.62 9.9  68  52 999 9 99 9 9 9 9
CL 2001  68 10 28  0  11.2  -4.5  -6.7  -2.9  -7.5  -1.7   2.6  -0.9   2.8  -0.3  451.9   -3.2  -33.4   3.9 999.9   89152 9999   3.2  453.1   55.9   32.8   64.8  8.1  13.8  7.0    3.37  1.60 9.9  58  96 999 9 99 9 9 9 9
CL 2001  71 14 48  0   7.6   2.1   9.0  -0.7   9.2  -2.7   3.3   4.3   2.0   5.1  358.8   33.6   12.0  21.1 999.9   41598 9999   6.1  360.6   49.4   26.4   56.0  7.3  13.7  6.4    4.07  5.49 9.9  64  21 999 9 99 9 9 9 9
CL 2001  71 16 17  0   9.4   1.8   9.0  -1.6   9.0   3.4  -5.3  -3.2  -4.0  -4.7  371.3   21.4   10.4  19.8 999.9   51455 9999   7.1  372.1   50.8   31.7   59.9  7.3  11.7  6.2    2.97  5.48 9.9  61 140 999 9 99 9 9 9 9
CL 2001  71 16 24  0   9.5   1.8   9.0  -1.7   9.0   4.7  -5.5  -3.9  -3.9  -5.5  370.8   19.4   12.2  14.5 999.9   80810 9999   8.2  371.5   54.8   43.2   69.8  6.8   8.6  5.3    1.87  4.00 9.9  55 145 999 9 99 9 9 9 9
CL 2001  74  6 17 30  14.0  -0.2   8.2  -2.9   7.7   0.3  -4.6  -0.4  -4.1  -2.1  369.8   16.9  -12.5   5.1 999.9   57274 9999   4.6  370.4   51.7   41.0   65.9  7.2   9.0  5.6    1.84  1.40 9.9  86 117 999 9 99 9 9 9 9
CL 2001  74  6 22  0  14.1  -0.2   8.2  -2.9   7.7  -0.4  -4.7  -0.7  -4.0  -2.4  369.9   16.8  -11.2   4.7 999.9   52540 9999   4.8  370.5   51.0   44.0   67.3  7.3   8.4  5.5    1.56  1.29 9.9  85 121 999 9 99 9 9 9 9
CL 2001  74  6 30 30  14.2  -0.3   8.1  -2.9   7.6  -1.9  -4.6  -0.3  -4.1  -2.0  366.0   19.9  -12.5   4.6 999.9   43254 9999   5.0  366.8   49.7   46.5   68.0  7.4   7.9  5.4    1.32  1.24 9.9  68 116 999 9 99 9 9 9 9
CL 2001  78 14 53  0   3.3   2.2   7.9  -0.4   8.2   8.0 -10.6  -3.8  -9.2  -6.6  408.1   10.0   24.9  11.5 999.9  161251 9999  13.8  409.0   64.5   81.5  103.9  6.3   5.0  3.9    0.73  3.85 9.9  55 126 999 9 99 9 9 9 9
CL 2001  78 17 59  0   7.6   1.2   9.0  -2.9   8.6  -6.1   2.3 -10.4   6.4  -8.6  456.1  -52.2   43.7  31.0 999.9   93414 9999  12.3  461.2   56.5   44.1   71.6  8.2  10.5  6.4    1.90 13.19 9.9  60 143 999 9 99 9 9 9 9
CL 2001  78 19 25  0   9.3   0.7   9.0  -3.9   8.2  -5.4 -11.9  -7.5  -6.9 -12.2  460.8   -3.9   41.1  11.8 999.9   23172 9999  15.1  462.6   46.7   87.7   99.4  9.9   5.3  4.7    0.33  5.05 9.9  69 151 999 9 99 9 9 9 9
CL 2001  78 19 40  0   9.6   0.6   9.0  -4.0   8.1  -4.6 -12.9  -4.5  -9.2 -10.1  457.2   -1.4   34.0  13.3 999.9   24567 9999  14.4  458.5   46.9   79.1   91.9  9.8   5.8  5.0    0.41  5.59 9.9  71 138 999 9 99 9 9 9 9
CL 2001  78 19 48 30   9.8   0.5   9.0  -4.2   8.0  -4.0 -14.3  -3.2 -10.9  -9.7  458.3    5.5   35.8   7.9 999.9   17985 9999  15.2  459.7   45.8  108.1  117.4 10.0   4.3  3.9    0.21  3.34 9.9  75 132 999 9 99 9 9 9 9
CL 2001  78 20 22 30  10.4   0.3   9.0  -4.5   7.8  -1.5 -14.5   1.1 -13.1  -6.3  454.6   24.1   31.0  12.3 999.9   19445 9999  14.6  456.3   46.1   83.4   95.3  9.9   5.5  4.8    0.35  5.12 9.9  84 116 999 9 99 9 9 9 9
CL 2001  78 21  7  0  11.1   0.0   8.9  -4.8   7.5  -1.6 -14.4  -1.5 -11.4  -8.8  452.2   28.5   56.5   5.3 999.9   16261 9999  14.6  456.6   45.6  126.5  134.5 10.0   3.6  3.4    0.15  2.21 9.9  84 128 999 9 99 9 9 9 9
CL 2001  78 22 16  0  12.2  -0.5   8.7  -5.3   7.0   0.0 -14.5   0.8 -12.6  -7.3  441.7   23.0   19.9   8.7 999.9   13198 9999  14.5  442.7   45.1   98.5  108.3  9.8   4.5  4.1    0.24  3.41 9.9  90 120 999 9 99 9 9 9 9
CL 2001  78 23 46  0  13.4  -1.1   8.4  -5.6   6.4   0.4 -13.5   2.7 -12.7  -5.3  442.4   40.7   27.1   7.8 999.9   10083 9999  13.8  445.1   44.6   98.6  108.2 10.0   4.5  4.1    0.24  3.09 9.9  88 113 999 9 99 9 9 9 9
CL 2001  78 23 53  0  13.5  -1.1   8.4  -5.6   6.4   0.4 -13.3   3.5 -13.0  -4.5  444.5   37.3   21.1   7.9 999.9    9078 9999  13.8  446.6   44.4   97.9  107.5 10.1   4.6  4.2    0.24  3.15 9.9  88 109 999 9 99 9 9 9 9
CL 2001  79  0 21 30  13.9  -1.3   8.2  -5.6   6.1  -1.0 -13.7  -2.4 -10.0  -9.6  447.1    0.5   45.5   5.6 999.9    6980 9999  13.9  449.4   44.1  117.9  125.8 10.2   3.8  3.6    0.16  2.26 9.9  86 134 999 9 99 9 9 9 9
CL 2001  79  0 23 30  13.9  -1.3   8.2  -5.6   6.1  -0.9 -13.8  -2.1 -10.3  -9.4  447.0    1.3   45.2   5.6 999.9    6572 9999  14.0  449.3   44.0  118.2  126.1 10.2   3.8  3.6    0.16  2.26 9.9  86 132 999 9 99 9 9 9 9
CL 2001  83 12 34 30   8.1   0.4   9.0  -1.8   8.8   1.2  -1.7  -1.7  -1.3  -2.0  432.9    1.7   -8.0  15.2 999.9   31287 9999   2.7  433.0   47.9   13.8   49.8  9.0  31.4  8.7   13.98  5.70 9.9  63 147 999 9 99 9 9 9 9
CL 2001  86  1  8  0  11.6  -1.7   8.8  -6.1   6.6   2.1  -2.6  -1.9  -1.1  -3.0  369.0  -17.9  -20.8   6.3 999.9   58469 9999   3.8  370.0   51.8   30.6   60.2  7.1  12.1  6.1    3.31  1.73 9.9  57 160 999 9 99 9 9 9 9
CL 2001  87 13  4  0   7.3  -7.1  -7.3  -5.1  -8.8  -2.3   0.9  -9.0   3.0  -8.5  598.6  -17.2  -24.7   7.6 999.9   77370 9999   9.3  599.4   54.4   67.7   86.8 11.0   8.9  6.9    0.75  5.46 9.9  76 161 999 9 99 9 9 9 9
CL 2001  87 13 12 30   7.2  -7.1  -7.3  -5.0  -8.9   0.4  -2.9 -10.0  -0.5 -10.4  597.0    0.2   10.4   7.3 999.9   39477 9999  10.4  597.1   49.1   77.1   91.4 12.2   7.7  6.5    0.47  5.21 9.9  88 177 999 9 99 9 9 9 9
CL 2001  87 13 16  0   7.1  -7.0  -7.3  -4.9  -8.8   0.7  -3.5  -9.7  -1.1 -10.3  602.7   -2.4   15.1   8.1 999.9   35502 9999  10.3  602.9   48.5   72.6   87.3 12.4   8.3  6.9    0.52  5.89 9.9  86 174 999 9 99 9 9 9 9
CL 2001  87 13 29 30   6.8  -6.9  -7.4  -4.7  -8.9   4.3  -6.3   0.6  -6.3  -1.0  592.1  -17.3  -23.4   7.4 999.9   43774 9999   7.7  592.8   49.7   56.3   75.1 11.9  10.5  7.9    0.91  5.20 9.9  56  99 999 9 99 9 9 9 9
CL 2001  87 13 36  0   6.7  -6.9  -7.4  -4.7  -9.0   5.0  -6.7   3.9  -7.4   2.1  587.9  -21.5  -36.4   7.9 999.9   45274 9999   9.2  589.4   50.0   65.6   82.5 11.8   9.0  7.1    0.67  5.49 9.9  57  74 999 9 99 9 9 9 9
CL 2001  87 13 38 30   6.7  -6.8  -7.4  -4.6  -8.9   4.7  -6.8   2.9  -7.3   1.2  589.9  -19.1  -28.0   8.5 999.9   45776 9999   8.8  590.9   50.0   60.1   78.2 11.8   9.8  7.6    0.80  5.94 9.9  58  81 999 9 99 9 9 9 9
CL 2001  87 13 44 30   6.6  -6.8  -7.4  -4.6  -8.9   3.5  -7.1   2.9  -7.6   1.0  594.6  -14.2  -16.3   8.6 999.9   53018 9999   8.4  595.0   51.1   57.5   76.9 11.7  10.3  7.7    0.91  6.09 9.9  65  83 999 9 99 9 9 9 9
CL 2001  88  6 13 30   7.4   0.0   8.9  -3.0   8.4  -2.1   1.6   1.3   1.0   1.8  551.6   37.2   -2.0   7.6 999.9   51126 9999   2.9  552.9   50.8   21.3   55.1 10.9  25.9 10.0    6.55  4.65 9.9  44  29 999 9 99 9 9 9 9
CL 2001  88  6 20 30   7.6   0.0   8.9  -2.9   8.4   1.1  -2.2   2.9  -3.1   1.9  548.9   41.4   -2.7  10.1 999.9   50638 9999   3.8  550.5   50.7   23.9   56.1 10.9  23.0  9.8    5.20  6.12 9.9  73  59 999 9 99 9 9 9 9
CL 2001  88  6 27 30   7.7  -0.1   8.9  -3.0   8.4   2.6  -2.7   0.3  -2.6  -0.7  548.8   40.5   -3.8  10.8 999.9   52094 9999   3.8  550.3   50.9   22.9   55.8 10.8  24.0  9.9    5.73  6.54 9.9  46 105 999 9 99 9 9 9 9
CL 2001  88  6 33 30   7.8  -0.1   8.9  -3.0   8.4   2.8  -2.2  -1.7  -1.5  -2.4  549.3   38.5   -1.3  10.3 999.9   53466 9999   3.9  550.6   51.1   24.6   56.7 10.8  22.4  9.7    5.00  6.25 9.9  45 148 999 9 99 9 9 9 9
CL 2001  88  7 49 30   9.2  -0.9   9.0  -3.3   8.4  -2.9   1.3   1.0   0.9   1.3  543.0   31.0   10.0   7.9 999.9   32417 9999   3.3  544.0   48.1   23.7   53.6 11.3  22.9 10.2    4.76  4.68 9.9  29  35 999 9 99 9 9 9 9
CL 2001  95 14 12 30  11.6  -4.0   8.6  -6.2   7.2   0.4   3.7   3.0   2.8   3.8  572.5   94.7   -4.1   3.8 999.9  161489 9999   4.8  580.3   64.6   49.0   81.1  9.0  11.8  7.2    2.01  2.56 9.9  85  36 999 9 99 9 9 9 9
CL 2001  95 14 17  0  11.7  -4.1   8.6  -6.3   7.1  -0.1   3.9   3.2   2.9   4.0  567.6   93.7   -1.5   3.7 999.9  157801 9999   5.0  575.3   64.2   52.5   82.9  9.0  11.0  6.9    1.73  2.45 9.9  89  36 999 9 99 9 9 9 9
CL 2001  95 14 55  0  12.1  -4.5   8.5  -6.8   6.8   1.7   4.5   3.4   3.4   4.6  576.3   96.7    6.2   4.3 999.9  149843 9999   5.9  584.4   63.3   56.8   85.0  9.2  10.3  6.9    1.43  2.94 9.9  73  36 999 9 99 9 9 9 9
CL 2001  95 15  0  0  12.2  -4.5   8.5  -6.9   6.7   1.8   4.8   3.5   3.7   4.7  573.9   96.4    4.2   4.1 999.9  147949 9999   6.2  582.0   63.0   61.3   87.9  9.2   9.5  6.6    1.22  2.78 9.9  73  38 999 9 99 9 9 9 9
CL 2001  95 15  2  0  12.2  -4.5   8.5  -6.9   6.7   2.0   4.8   3.4   3.7   4.6  574.2   96.3    3.9   4.0 999.9  148686 9999   6.2  582.2   63.1   62.1   88.6  9.2   9.4  6.6    1.19  2.71 9.9  71  39 999 9 99 9 9 9 9
CL 2001  95 15  5 30  12.2  -4.6   8.4  -7.0   6.6   2.2   4.8   3.3   3.7   4.6  576.4   96.4    4.1   4.0 999.9  147751 9999   6.2  584.4   63.0   62.3   88.6  9.3   9.4  6.6    1.19  2.73 9.9  69  39 999 9 99 9 9 9 9
CL 2001  95 15  8 30  12.3  -4.6   8.4  -7.0   6.6   2.5   4.5   2.4   3.6   3.6  579.2   95.8   -5.4   4.0 999.9  152655 9999   5.7  587.1   63.6   56.8   85.2  9.2  10.3  6.9    1.45  2.76 9.9  64  45 999 9 99 9 9 9 9
CL 2001  95 18 28 30  14.1  -6.5   7.4  -9.2   3.6   1.6   6.2   5.8   3.1   7.9  574.4   68.3   -4.8   2.1 999.9  146060 9999   8.6  578.5   62.8  119.2  134.8  9.2   4.9  4.3    0.32  1.41 9.9  79  21 999 9 99 9 9 9 9
CL 2001  95 18 55  0  14.3  -6.7   7.2  -9.3   3.2   2.2   6.6   4.9   3.7   7.3  573.7   56.9  -30.1   3.7 999.9  137824 9999   8.5  577.3   61.9   88.5  108.0  9.3   6.5  5.3    0.57  2.47 9.9  75  27 999 9 99 9 9 9 9
CL 2001  95 19  5  0  14.4  -6.8   7.2  -9.4   3.0   2.6   7.9   3.5   5.4   6.7  574.8   61.9  -34.2   2.7 999.9  136611 9999   9.0  579.1   61.7  109.8  126.0  9.4   5.3  4.6    0.37  1.81 9.9  73  39 999 9 99 9 9 9 9
CL 2001  95 20 25  0  14.9  -7.5   6.6  -9.8   1.7   2.3   7.8   1.3   6.1   5.1  556.3   58.5  -36.4   3.7 999.9  115442 9999   8.2  560.6   59.2   85.6  104.1  9.5   6.5  5.4    0.55  2.33 9.9  74  50 999 9 99 9 9 9 9
CL 2001  97 20 16  0   8.9  -2.4   9.0  -6.7   6.5   5.1  -9.4   0.5  -8.5  -4.2  526.3  109.1    0.0  10.1 999.9  273328 9999  10.7  537.5   76.0   67.4  101.6  7.1   8.0  5.3    1.47  5.84 9.9  62 116 999 9 99 9 9 9 9
CL 2001  97 20 23  0   9.0  -2.5   9.0  -6.8   6.4   5.7 -10.0   1.2  -9.3  -3.9  517.4  112.0   -3.4   9.7 999.9  249668 9999  11.6  529.4   73.7   74.3  104.7  7.2   7.1  5.1    1.14  5.44 9.9  60 113 999 9 99 9 9 9 9
CL 2001  97 20 25  0   9.1  -2.5   9.0  -6.8   6.4   5.9 -10.5   1.5  -9.8  -4.0  516.6  111.4   -7.0   9.3 999.9  255048 9999  12.1  528.5   74.3   79.6  108.9  7.1   6.6  4.9    1.01  5.20 9.9  61 112 999 9 99 9 9 9 9
CL 2001 100 11 24 30  13.0  -6.9   7.8  -8.3   6.2   4.1   0.2  -0.6   0.3  -0.5  553.5  -13.0   15.1   1.3 999.9  159255 9999   4.1  553.9   64.3   72.8   97.1  8.6   7.6  5.7    0.90  0.80 9.9   9 149 999 9 99 9 9 9 9
CL 2001 100 11 33  0  13.0  -7.0   7.8  -8.4   6.2   4.1  -0.9   0.3  -1.0   0.1  549.0    4.5   -4.0   1.3 999.9  161368 9999   4.2  549.0   64.6   73.8   98.1  8.5   7.4  5.6    0.88  0.78 9.9  13  84 999 9 99 9 9 9 9
CL 2001 100 11 53  0  13.2  -7.2   7.7  -8.6   6.1   3.6  -0.9  -1.8  -0.6  -2.0  553.1    5.0   31.8   1.4 999.9  158068 9999   4.1  554.0   64.2   69.7   94.8  8.6   7.9  5.8    0.98  0.86 9.9  29 163 999 9 99 9 9 9 9
CL 2001 105  3 17  0  11.2  -6.4   8.5  -9.4   4.9   2.8  -2.0  -1.1  -1.3  -1.9  551.3   18.5   27.8   2.1 999.9  226496 9999   3.6  552.3   71.4   49.9   87.1  7.7  11.1  6.3    2.38  1.28 9.9  39 146 999 9 99 9 9 9 9
CL 2001 105  3 24  0  11.2  -6.5   8.5  -9.5   4.9   3.0  -1.7  -1.0  -1.1  -1.7  547.0   14.3   29.4   2.0 999.9  240821 9999   3.6  548.0   72.9   50.8   88.8  7.5  10.8  6.2    2.38  1.20 9.9  33 147 999 9 99 9 9 9 9
CL 2001 105  3 31  0  11.3  -6.5   8.4  -9.4   4.9   3.0  -1.8  -0.9  -1.2  -1.6  546.0   15.7   27.7   2.0 999.9  238146 9999   3.6  546.9   72.6   51.1   88.8  7.5  10.7  6.2    2.34  1.20 9.9  34 143 999 9 99 9 9 9 9
CL 2001 105  3 54  0  11.5  -6.8   8.3  -9.6   4.8   1.1  -2.8  -1.4  -2.0  -2.5  558.2   30.0   35.4   2.1 999.9  156054 9999   3.3  560.1   64.0   45.8   78.7  8.8  12.2  7.1    2.26  1.32 9.9  71 141 999 9 99 9 9 9 9
CL 2001 105  4 45  0  12.0  -7.4   8.1  -9.9   4.8  -0.2  -3.2   0.4  -3.1  -1.0  573.1   41.3   16.2   2.1 999.9  112599 9999   3.2  574.8   58.9   44.6   73.8  9.8  12.9  7.8    2.02  1.39 9.9  86 108 999 9 99 9 9 9 9
CL 2001 105  7 42  0  13.2  -9.2   7.1 -10.7   4.6   1.9  -0.2  -3.1   0.6  -3.1  553.7   10.3   21.1   1.2 999.9  124548 9999   3.6  554.2   60.3   66.5   89.8  9.2   8.3  6.2    0.95  0.74 9.9  59 169 999 9 99 9 9 9 9
CL 2001 105  7 52  0  13.2  -9.3   7.0 -10.7   4.6   2.0  -0.1  -3.1   0.7  -3.0  552.8   12.4   15.7   1.1 999.9  146503 9999   3.7  553.2   62.9   70.4   94.4  8.8   7.9  5.9    0.92  0.67 9.9  57 167 999 9 99 9 9 9 9
CL 2001 105  8  3  0  13.3  -9.4   6.9 -10.8   4.5   1.7   0.0  -3.3   0.9  -3.2  553.3   13.9   24.9   1.3 999.9   94524 9999   3.7  554.0   56.6   65.1   86.3  9.8   8.5  6.4    0.87  0.80 9.9  63 164 999 9 99 9 9 9 9
CL 2001 105  8 37  0  13.5  -9.7   6.7 -10.9   4.4   3.0   1.2  -2.2   1.7  -1.9  572.7   16.0  -11.2   0.8 999.9  146794 9999   3.9  573.0   62.9   87.4  107.7  9.1   6.6  5.3    0.60  0.53 9.9  40 138 999 9 99 9 9 9 9
CL 2001 105  8 43  0  13.5  -9.8   6.6 -11.0   4.3   2.7   1.6  -2.0   2.0  -1.5  560.9   12.3   -0.6   1.0 999.9  159375 9999   3.7  561.0   64.3   74.4   98.4  8.7   7.5  5.7    0.86  0.63 9.9  43 127 999 9 99 9 9 9 9
CL 2001 105  9  3  0  13.6 -10.0   6.5 -11.1   4.3   2.9   1.8  -1.6   2.1  -1.2  559.5   24.0   -4.1   0.9 999.9  124370 9999   3.8  560.0   60.3   79.5   99.7  9.3   7.0  5.6    0.67  0.56 9.9  40 120 999 9 99 9 9 9 9
CL 2001 105  9 33  0  13.7 -10.2   6.3 -11.2   4.1   1.0   1.4  -0.2   1.4   0.1  531.5   -8.1   16.4   1.4 999.9  122230 9999   1.7  531.8   60.0   29.3   66.8  8.9  18.2  8.0    4.86  0.79 9.9  55  86 999 9 99 9 9 9 9
CL 2001 105  9 48  0  13.8 -10.4   6.2 -11.4   4.1   1.3   0.8  -0.2   0.8   0.0  520.7   -7.0   22.2   1.4 999.9  155800 9999   1.5  521.2   63.9   26.0   69.0  8.2  20.0  7.6    6.98  0.76 9.9  32  90 999 9 99 9 9 9 9
CL 2001 105  9 52  0  13.8 -10.4   6.1 -11.4   4.0   1.7   0.8   0.0   0.8   0.2  515.5   -5.9   20.3   1.4 999.9  167899 9999   1.9  515.9   65.3   31.8   72.6  7.9  16.2  7.1    4.89  0.75 9.9  25  76 999 9 99 9 9 9 9
CL 2001 105 10  3  0  13.8 -10.5   6.1 -11.5   4.0   1.9  -0.8  -1.6  -0.5  -1.8  508.3   20.8   38.8   1.3 999.9  143029 9999   2.6  510.2   62.5   45.8   77.4  8.2  11.1  6.6    2.16  0.68 9.9  43 164 999 9 99 9 9 9 9
CL 2001 109 22  9  0  10.9  -7.7   8.3 -10.9   3.1   3.7  -4.6   1.4  -4.7  -1.1  400.2    3.9    8.5   3.9 999.9    9780 9999   6.1  400.3   44.5   61.4   75.9  9.0   6.5  5.3    0.61  1.25 9.9  52 103 999 9 99 9 9 9 9
CL 2001 109 22 14  0  11.0  -7.8   8.3 -11.0   3.0   4.2  -4.0   1.5  -4.2  -0.8  399.4    2.4    9.2   4.0 999.9    9982 9999   6.0  399.5   44.6   59.9   74.7  9.0   6.7  5.4    0.64  1.28 9.9  45 101 999 9 99 9 9 9 9
CL 2001 109 22 17  0  11.0  -7.8   8.3 -11.0   3.0   4.5  -3.8   1.5  -4.0  -0.7  396.5   -0.6    8.7   4.1 999.9   10901 9999   6.1  396.6   44.7   60.0   74.9  8.9   6.6  5.3    0.64  1.29 9.9  42 100 999 9 99 9 9 9 9
CL 2001 109 22 25  0  11.1  -7.9   8.2 -11.0   2.9   4.9  -3.1   1.6  -3.5  -0.2  397.1   -8.3    8.2   4.3 999.9   25024 9999   6.0  397.3   46.9   58.0   74.6  8.5   6.8  5.3    0.76  1.36 9.9  35  93 999 9 99 9 9 9 9
CL 2001 110  1 10  0  12.1  -9.8   7.3 -12.1   1.6   4.4  -2.8  -1.2  -1.8  -2.5  390.1  -10.2   14.9   4.5 999.9   34280 9999   5.4  390.5   48.3   50.5   69.9  8.1   7.7  5.6    1.06  1.37 9.9  35 144 999 9 99 9 9 9 9
CL 2001 110  1 11  0  12.1  -9.8   7.3 -12.1   1.6   4.5  -2.5  -1.3  -1.5  -2.4  390.1  -12.2   15.6   4.5 999.9   38168 9999   5.3  390.6   48.9   50.1   70.0  8.0   7.8  5.6    1.11  1.37 9.9  32 148 999 9 99 9 9 9 9
CL 2001 110  1 25  0  12.2 -10.0   7.2 -12.2   1.5   1.7  -4.8  -1.0  -3.7  -3.3  401.4    8.4   13.4   3.9 999.9   21313 9999   5.2  401.7   46.4   52.6   70.1  8.7   7.6  5.7    0.90  1.26 9.9  71 132 999 9 99 9 9 9 9
CL 2001 112  6 30  0  10.2  -7.6   8.5  -9.6   6.1   0.2 -11.0  -6.8  -8.3  -9.9  369.9    0.4   -1.9   7.1 999.9   31292 9999  12.9  369.9   47.9   97.1  108.2  7.7   3.8  3.4    0.28  1.94 9.9  89 140 999 9 99 9 9 9 9
CL 2001 112  6 48  0  10.4  -7.8   8.4  -9.7   6.1  -1.7 -11.8  -5.8  -9.5  -9.1  367.7   -1.9    5.5   8.5 999.9   27968 9999  13.3  367.7   47.4   90.9  102.6  7.8   4.0  3.6    0.31  2.30 9.9  83 134 999 9 99 9 9 9 9
CL 2001 112  7  8  0  10.5  -8.1   8.3  -9.9   6.1  -3.6 -13.1  -5.0 -11.1  -8.5  378.0   -1.1    3.8   9.9 999.9   23196 9999  14.5  378.0   46.7   92.0  103.2  8.1   4.1  3.7    0.30  2.83 9.9  76 127 999 9 99 9 9 9 9
CL 2001 112  7 27  0  10.7  -8.3   8.2 -10.0   6.0  -3.7 -13.3  -5.9 -11.2  -9.3  376.5   -2.7    9.1  10.4 999.9   19127 9999  15.0  376.6   46.0   93.1  103.9  8.2   4.0  3.6    0.28  2.95 9.9  76 130 999 9 99 9 9 9 9
CL 2001 112  8 11  0  11.0  -8.9   8.0 -10.4   6.0  -3.2 -13.1  -7.2 -10.9 -10.1  374.6   -3.2   13.0  11.0 999.9   18489 9999  15.3  374.8   45.9   92.2  103.0  8.2   4.1  3.6    0.29  3.09 9.9  78 133 999 9 99 9 9 9 9
CL 2001 149  7 44  0  -2.4 -12.1  -7.3 -11.9  -7.7   2.8   7.5   4.5   7.1   5.0  422.3    8.4    3.7   2.2 999.9    5121 9999   9.2  422.4   43.8  123.8  131.3  9.6   3.4  3.2    0.14  0.79 9.9  72  55 999 9 99 9 9 9 9
CL 2001 149  8  5  0  -2.4 -11.8  -7.4 -11.6  -7.6   3.2   8.1   2.5   8.0   2.9  422.1    6.6    9.3   2.4 999.9    6347 9999   9.1  422.3   44.0  117.0  125.0  9.6   3.6  3.4    0.16  0.86 9.9  69  70 999 9 99 9 9 9 9
CL 2001 149  8 28  0  -2.5 -11.4  -7.5 -11.3  -7.6   3.0   8.0   3.0   7.9   3.3  423.6    7.1   12.9   2.4 999.9    5789 9999   9.1  423.9   43.9  116.9  124.9  9.7   3.6  3.4    0.16  0.86 9.9  71  67 999 9 99 9 9 9 9
CL 2001 149 14 22  0  -2.8  -3.5  -7.5  -3.2  -7.6   1.1   6.2  -0.2   6.2  -0.2  419.4    1.7    7.6   3.4 999.9   20777 9999   6.3  419.5   46.3   68.3   82.5  9.1   6.1  5.1    0.53  1.20 9.9  80  92 999 9 99 9 9 9 9
CL 2001 149 14 36  0  -2.8  -3.1  -7.4  -2.7  -7.5   1.2   6.1   2.1   6.1   2.1  419.3   -1.5   25.5   2.8 999.9   18123 9999   6.6  420.1   45.9   78.4   90.9  9.2   5.4  4.6    0.40  0.99 9.9  79  71 999 9 99 9 9 9 9
CL 2001 149 14 47  0  -2.8  -2.8  -7.3  -2.4  -7.5   0.5   6.5   0.8   6.5   0.9  413.5    8.7   16.1   3.3 999.9   19119 9999   6.6  413.9   46.0   72.3   85.7  9.0   5.7  4.8    0.47  1.13 9.9  86  82 999 9 99 9 9 9 9
