CL 2002   2 11  2  0   9.4  16.7   1.3  16.7  -0.5   6.2  -0.5  -1.2  -0.7  -1.1  393.7  -13.1   20.7   3.9 999.9  106669 9999   6.3  394.5   58.1   64.2   86.6  6.8   6.1  4.6    0.95  1.21 9.9  12 148 999 9 99 9 9 9 9
CL 2002   2 11  6  0   9.4  16.7   1.3  16.7  -0.5   5.8  -0.1  -2.1  -0.3  -2.1  394.0  -12.5   23.4   4.1 999.9   98136 9999   6.2  394.9   57.1   60.9   83.5  6.9   6.5  4.7    1.02  1.28 9.9  20 172 999 9 99 9 9 9 9
CL 2002   2 11 22 30   9.4  16.7   1.1  16.7  -0.6   4.5  -0.9  -3.1  -1.3  -3.0  397.0   -9.3   28.2   4.4 999.9   81779 9999   5.5  398.1   55.0   52.8   76.2  7.2   7.5  5.2    1.25  1.39 9.9  36 157 999 9 99 9 9 9 9
CL 2002   2 11 26  0   9.5  16.7   1.1  16.7  -0.6   3.9  -1.5  -2.9  -1.8  -2.7  400.4   -9.7   25.3   4.9 999.9   84060 9999   5.1  401.3   55.3   46.0   71.9  7.3   8.7  5.6    1.67  1.58 9.9  40 146 999 9 99 9 9 9 9
CL 2002   2 11 34  0   9.5  16.7   1.0  16.7  -0.7   3.0  -3.7  -0.8  -3.7  -0.4  405.4   -3.5   11.5   5.1 999.9   78568 9999   4.8  405.6   54.5   42.8   69.3  7.4   9.5  5.9    1.88  1.68 9.9  52  96 999 9 99 9 9 9 9
CL 2002   2 11 51  0   9.6  16.7   0.9  16.7  -0.7  -0.7  -2.4  -3.9  -2.8  -3.6  428.2    0.3   29.3   5.4 999.9   70285 9999   4.6  429.2   53.4   39.9   66.7  8.0  10.8  6.4    2.08  1.99 9.9  81 142 999 9 99 9 9 9 9
CL 2002   2 11 58  0   9.6  16.7   0.8  16.7  -0.8  -1.8  -3.0  -4.3  -3.4  -3.9  429.3   -6.0   23.1   5.3 999.9   44379 9999   5.5  430.0   49.8   48.2   69.3  8.6   8.9  6.2    1.24  1.96 9.9  71 139 999 9 99 9 9 9 9
CL 2002   2 12  3 30   9.6  16.7   0.7  16.7  -0.9  -1.6  -3.6  -3.0  -3.9  -2.6  424.7   -8.6   14.2   5.0 999.9   44501 9999   5.0  425.0   49.8   44.3   66.7  8.5   9.6  6.4    1.47  1.81 9.9  71 124 999 9 99 9 9 9 9
CL 2002   2 12 10  0   9.6  16.7   0.7  16.7  -0.8  -0.4  -3.1  -2.7  -3.3  -2.3  421.3   -4.1   13.0   5.0 999.9   48332 9999   4.1  421.5   50.4   36.9   62.5  8.4  11.4  6.7    2.15  1.78 9.9  84 125 999 9 99 9 9 9 9
CL 2002   2 12 16  0   9.7  16.7   0.6  16.7  -0.9  -1.0  -2.8  -5.3  -3.4  -5.0  421.8   -8.8   27.5   4.7 999.9   30886 9999   6.1  422.8   47.8   56.1   73.7  8.8   7.5  5.7    0.84  1.68 9.9  81 146 999 9 99 9 9 9 9
CL 2002   2 12 47  0   9.8  16.7   0.3  16.7  -1.0  -2.8  -3.7  -4.9  -4.2  -4.5  427.2   -2.9   19.2   6.5 999.9   37499 9999   6.7  427.6   48.8   52.9   72.0  8.8   8.1  5.9    0.98  2.38 9.9  65 137 999 9 99 9 9 9 9
CL 2002   2 13 19  0   9.9  16.6   0.0  16.6  -1.0  -2.6  -5.2   2.1  -5.0   2.5  428.1    0.0   -8.4   4.7 999.9   38672 9999   6.2  428.2   49.0   57.0   75.2  8.7   7.5  5.7    0.85  1.72 9.9  65  63 999 9 99 9 9 9 9
CL 2002   2 13 26  0   9.9  16.6   0.0  16.6  -0.9  -4.0  -4.4   2.3  -4.2   2.7  431.7   -4.0   -5.7   4.8 999.9   42774 9999   6.4  431.8   49.6   58.2   76.5  8.7   7.4  5.6    0.84  1.79 9.9  51  57 999 9 99 9 9 9 9
CL 2002   2 13 59  0  10.0  16.5  -0.4  16.5  -1.0  -1.1  -5.1   0.3  -5.0   0.6  420.0    6.0    2.4   4.8 999.9   37845 9999   5.2  420.0   48.9   47.7   68.3  8.6   8.8  6.2    1.22  1.69 9.9  78  83 999 9 99 9 9 9 9
CL 2002   2 14  6 30  10.1  16.5  -0.4  16.5  -0.9  -1.0  -5.6   0.3  -5.5   0.7  423.1    3.4    4.9   4.7 999.9   37072 9999   5.7  423.1   48.8   52.6   71.7  8.7   8.1  5.9    1.00  1.68 9.9  80  83 999 9 99 9 9 9 9
CL 2002   2 14 34  0  10.2  16.5  -0.7  16.5  -0.9  -0.2  -5.7  -0.8  -5.7  -0.5  416.9    6.6    4.8   4.8 999.9   38965 9999   5.8  417.0   49.0   52.6   71.9  8.5   7.9  5.8    1.01  1.67 9.9  88  95 999 9 99 9 9 9 9
CL 2002   2 14 50  0  10.2  16.4  -0.8  16.4  -0.9  -2.1  -5.1   1.4  -5.0   1.7  430.3    4.1   -8.0   4.7 999.9   51052 9999   5.7  430.4   50.8   52.5   73.0  8.5   8.2  5.9    1.08  1.74 9.9  68  71 999 9 99 9 9 9 9
CL 2002   2 14 56  0  10.2  16.4  -0.9  16.4  -0.9   0.0  -3.6   3.1  -3.5   3.2  413.5   -7.6  -18.0   4.4 999.9   62817 9999   4.8  414.0   52.4   45.3   69.3  7.9   9.1  6.0    1.55  1.51 9.9  90  48 999 9 99 9 9 9 9
CL 2002   2 15 34  0  10.3  16.3  -1.3  16.3  -0.8  -0.6  -5.4  -2.5  -5.4  -2.4  418.9   12.8   13.7   5.2 999.9   43496 9999   6.0  419.3   49.7   52.5   72.3  8.4   8.0  5.8    1.04  1.83 9.9  84 114 999 9 99 9 9 9 9
CL 2002   2 16  2 30  10.4  16.2  -1.5  16.3  -0.7   1.3  -2.0  -5.4  -2.0  -5.4  409.7    1.8   32.7   5.2 999.9   47547 9999   5.9  411.0   50.3   51.8   72.2  8.2   7.9  5.7    1.09  1.76 9.9  77 160 999 9 99 9 9 9 9
CL 2002   2 16  5 30  10.4  16.2  -1.6  16.3  -0.7   1.3  -2.0  -5.5  -2.0  -5.5  408.5    2.4   32.7   5.3 999.9   44308 9999   6.0  409.8   49.8   52.1   72.1  8.2   7.9  5.7    1.06  1.78 9.9  77 160 999 9 99 9 9 9 9
CL 2002   2 16 45  0  10.5  16.0  -1.9  16.1  -0.5  -0.9  -5.9  -1.6  -5.8  -1.9  414.0   12.7   12.4   5.6 999.9   30666 9999   6.2  414.4   47.8   52.2   70.8  8.7   7.9  5.9    0.97  1.92 9.9  82 108 999 9 99 9 9 9 9
CL 2002   2 16 48 30  10.5  16.0  -2.0  16.1  -0.6  -0.5  -5.9  -1.7  -5.8  -2.0  409.5   11.9   12.4   5.3 999.9   27938 9999   6.2  409.9   47.4   53.5   71.5  8.6   7.7  5.7    0.91  1.78 9.9  85 109 999 9 99 9 9 9 9
CL 2002   2 17 25  0  10.5  15.8  -2.3  16.0  -0.4   3.7  -4.1  -1.3  -4.1  -1.5  391.8    2.5   20.2   4.5 999.9   60959 9999   5.7  392.3   52.2   53.5   74.7  7.5   7.3  5.3    1.10  1.39 9.9  49 110 999 9 99 9 9 9 9
CL 2002   2 17 41  0  10.6  15.7  -2.4  15.9  -0.3  -2.7  -3.6  -3.9  -3.3  -4.2  419.1   10.3   28.8   5.6 999.9   52966 9999   6.0  420.2   51.0   50.3   71.7  8.2   8.3  5.9    1.19  1.98 9.9  63 142 999 9 99 9 9 9 9
CL 2002   2 17 53 30  10.6  15.7  -2.6  15.9  -0.4   0.3  -4.2  -1.3  -4.1  -1.7  417.9   11.7   32.8   5.5 999.9   56213 9999   4.4  419.3   51.5   37.6   63.8  8.1  11.2  6.6    2.17  1.93 9.9  86 113 999 9 99 9 9 9 9
CL 2002   2 17 59  0  10.6  15.6  -2.6  15.8  -0.3   1.0  -5.0  -1.4  -4.8  -1.9  417.0   12.1   34.8   6.0 999.9   51915 9999   5.3  418.6   50.9   43.2   66.7  8.2   9.7  6.3    1.61  2.10 9.9  79 112 999 9 99 9 9 9 9
CL 2002   2 18 22  0  10.6  15.5  -2.8  15.7  -0.2   2.4  -4.2  -2.6  -3.9  -3.1  388.7    4.8   27.7   3.2 999.9   51525 9999   5.5  389.7   50.8   61.4   79.7  7.7   6.3  4.9    0.79  0.97 9.9  64 128 999 9 99 9 9 9 9
CL 2002   2 19 19 30  10.7  15.2  -3.3  15.6  -0.2   1.4  -5.3  -2.4  -4.8  -3.2  386.2    8.5   35.1   3.3 999.9   48480 9999   6.0  387.9   50.4   65.9   83.0  7.7   5.9  4.7    0.68  0.99 9.9  76 124 999 9 99 9 9 9 9
CL 2002   2 19 29  0  10.7  15.1  -3.4  15.5  -0.2   2.5  -3.9  -3.4  -3.3  -4.0  383.4    1.2   38.5   3.5 999.9   54321 9999   5.7  385.3   51.2   61.4   80.0  7.5   6.3  4.8    0.81  1.04 9.9  64 140 999 9 99 9 9 9 9
CL 2002   2 19 45  0  10.7  15.0  -3.6  15.4  -0.2   3.9  -0.3  -5.0   0.6  -5.0  376.6   -9.0   43.1   3.7 999.9   53456 9999   6.3  379.2   51.1   66.0   83.5  7.4   5.7  4.5    0.69  1.06 9.9  52 173 999 9 99 9 9 9 9
CL 2002   2 19 52  0  10.7  15.0  -3.6  15.4  -0.2   3.2   0.7  -5.2   1.7  -5.0  377.6  -15.3   45.0   3.8 999.9   52432 9999   6.1  380.6   51.0   63.1   81.1  7.5   6.0  4.7    0.76  1.10 9.9  59 161 999 9 99 9 9 9 9
CL 2002   2 20 13  0  10.7  14.8  -3.8  15.3  -0.2   3.6  -0.7  -4.0   0.1  -4.0  379.7   -8.4   35.5   3.3 999.9   60386 9999   5.4  381.4   52.1   59.7   79.3  7.3   6.4  4.8    0.88  0.96 9.9  48 179 999 9 99 9 9 9 9
CL 2002   2 20 16  0  10.7  14.8  -3.9  15.3  -0.3   3.9  -1.6  -3.8  -0.9  -4.1  378.9   -5.1   32.9   3.2 999.9   66139 9999   5.7  380.4   52.9   63.5   82.6  7.2   6.0  4.6    0.80  0.93 9.9  47 168 999 9 99 9 9 9 9
CL 2002   2 20 48  0  10.7  14.6  -4.1  15.2  -0.3   4.3  -0.7  -2.4  -0.2  -2.5  374.6  -15.3   28.6   3.6 999.9   85287 9999   5.0  376.0   55.4   52.4   76.3  6.8   7.2  4.9    1.29  1.02 9.9  30 175 999 9 99 9 9 9 9
CL 2002   2 20 54  0  10.7  14.5  -4.2  15.1  -0.4   4.9   0.0  -1.6   0.3  -1.5  371.1  -23.2   24.7   3.8 999.9  104131 9999   5.2  372.6   57.8   52.9   78.4  6.4   7.0  4.8    1.38  1.06 9.9  18 169 999 9 99 9 9 9 9
CL 2002   7 21  1  0  10.4   9.7  -7.1  11.3  -4.0   9.0  -5.7  -4.9  -4.2  -6.2  369.4   -0.5  -34.5  10.2 999.9   50194 9999  11.7  371.0   50.7   73.4   89.2  7.3   5.1  4.2    0.55  2.81 9.9  40 146 999 9 99 9 9 9 9
CL 2002  21  0 56  0  10.0  11.8   6.4   8.5  10.4   4.3 -10.4   1.4 -10.1  -2.8  455.3  -50.0  -23.8  10.4 999.9  150778 9999  11.3  458.7   63.4   70.3   94.7  7.2   6.5  4.8    0.94  4.38 9.9  68 106 999 9 99 9 9 9 9
CL 2002  21  1  1  0  10.0  11.8   6.4   8.5  10.4   5.2  -7.8  -1.0  -6.8  -4.0  439.5  -62.1    0.3  10.0 999.9  143722 9999   9.4  443.9   62.6   59.6   86.4  7.1   7.4  5.1    1.27  3.94 9.9  57 120 999 9 99 9 9 9 9
CL 2002  21  1  2 30  10.0  11.8   6.4   8.5  10.4   5.3  -7.5  -0.7  -6.6  -3.6  440.7  -62.9   -5.1  10.4 999.9  149748 9999   9.2  445.2   63.2   57.1   85.2  7.0   7.8  5.2    1.42  4.12 9.9  55 119 999 9 99 9 9 9 9
CL 2002  21  2 24 30  10.9  12.2   5.8   9.5   9.6   5.5 -10.1  -1.4  -8.9  -5.1  436.5  -42.4    2.4   7.6 999.9  160389 9999  11.6  438.6   64.4   84.0  105.9  6.8   5.2  4.1    0.68  2.92 9.9  62 120 999 9 99 9 9 9 9
CL 2002  21  2 33 30  11.0  12.2   5.7   9.6   9.4   5.1  -9.5  -5.4  -6.8  -8.5  442.9  -44.7   26.5   8.6 999.9  169115 9999  12.1  445.9   65.4   82.2  105.1  6.8   5.4  4.2    0.73  3.42 9.9  65 141 999 9 99 9 9 9 9
CL 2002  21  2 38  0  11.0  12.3   5.7   9.7   9.4   4.9 -10.8  -3.4  -8.8  -7.0  443.7  -40.9   14.0   8.0 999.9  168162 9999  12.3  445.8   65.3   87.2  109.0  6.8   5.1  4.1    0.65  3.18 9.9  67 129 999 9 99 9 9 9 9
CL 2002  21  3  9  0  11.3  12.4   5.4  10.1   9.0   1.4 -10.2   3.4 -10.7  -0.3  453.1  -54.0  -14.5   9.3 999.9  188906 9999  10.8  456.5   67.6   71.1   98.1  6.8   6.4  4.7    1.04  3.88 9.9  83  92 999 9 99 9 9 9 9
CL 2002  21  3 28  0  11.5  12.4   5.2  10.3   8.6   3.7 -10.8   3.6 -11.4  -0.2  448.5  -47.3  -25.2   7.7 999.9  172414 9999  12.0  451.7   65.8   86.3  108.5  6.9   5.2  4.2    0.67  3.14 9.9  72  91 999 9 99 9 9 9 9
CL 2002  21 23 28 30  14.0   8.7  -5.7  10.3  -1.7   3.7  -3.5   3.2  -4.5   1.5  395.5   -4.7   -9.3   3.1 999.9   84050 9999   6.0  395.6   55.3   68.3   87.9  7.2   5.8  4.5    0.76  0.97 9.9  52  72 999 9 99 9 9 9 9
CL 2002  21 23 32 30  14.0   8.6  -5.7  10.2  -1.7   3.6  -3.1   4.1  -4.5   2.5  397.2   -7.8   -9.6   3.0 999.9   83535 9999   6.3  397.4   55.2   72.5   91.1  7.2   5.5  4.4    0.67  0.95 9.9  55  61 999 9 99 9 9 9 9
CL 2002  22  0 30  0  13.6   8.1  -6.2   9.9  -2.5   3.8  -2.9   4.0  -4.2   2.5  387.9   -9.8  -13.6   3.3 999.9   82282 9999   6.2  388.3   55.0   68.6   88.0  7.1   5.7  4.4    0.74  0.99 9.9  52  59 999 9 99 9 9 9 9
CL 2002  22  0 35  0  13.6   8.1  -6.2   9.9  -2.5   2.7  -4.0   3.1  -4.9   1.2  387.3   -5.0  -18.6   3.7 999.9   73619 9999   5.7  387.8   53.9   59.6   80.4  7.2   6.5  4.8    0.94  1.11 9.9  62  76 999 9 99 9 9 9 9
CL 2002  22  1 11  0  13.3   7.7  -6.5   9.6  -3.1   1.4  -5.9   2.4  -6.3  -0.2  390.7    2.6  -16.8   3.6 999.9   60481 9999   6.5  391.1   52.1   68.7   86.3  7.5   5.7  4.5    0.66  1.10 9.9  78  92 999 9 99 9 9 9 9
CL 2002  22  2  3 30  12.9   7.2  -6.8   9.2  -3.8  -1.8  -5.4  -1.5  -4.4  -3.4  408.6    3.4   -1.9   4.0 999.9   52421 9999   5.9  408.6   51.0   58.9   77.9  8.0   6.9  5.2    0.87  1.34 9.9  72 128 999 9 99 9 9 9 9
CL 2002  22  4 21  0  11.7   5.7  -7.7   7.5  -6.0   4.0  -1.1  -1.9  -0.5  -2.1  395.9  -12.4   18.3   4.1 999.9  114885 9999   4.6  396.5   59.1   45.1   74.4  6.7   8.8  5.3    1.99  1.29 9.9  29 167 999 9 99 9 9 9 9
CL 2002  22  4 33 30  11.5   5.6  -7.7   7.3  -6.1   3.7  -0.6  -2.9   0.3  -3.0  393.0  -10.8   19.7   4.4 999.9   98056 9999   4.7  393.6   57.1   45.2   72.8  6.9   8.7  5.4    1.85  1.36 9.9  39 174 999 9 99 9 9 9 9
CL 2002  24  6 50  0  14.9   8.9  -4.8   9.5  -3.5   3.4  -3.2   3.7  -3.9   3.0  368.1  -12.3  -18.6   4.4 999.9   69338 9999   6.0  368.8   53.3   56.8   77.9  6.9   6.5  4.7    1.02  1.20 9.9  55  52 999 9 99 9 9 9 9
CL 2002  24  7 10 30  14.8   8.8  -5.0   9.4  -3.8   4.3  -1.3   4.0  -2.0   3.7  362.0  -25.1  -16.9   4.0 999.9   76068 9999   6.0  363.3   54.2   60.1   81.0  6.7   6.0  4.5    0.94  1.06 9.9  44  28 999 9 99 9 9 9 9
CL 2002  24  7 19 30  14.7   8.7  -5.1   9.3  -4.0   3.3  -1.8   4.5  -2.5   4.1  365.5  -22.3  -24.3   4.8 999.9   58827 9999   5.9  367.0   51.9   53.5   74.5  7.1   6.9  4.9    1.09  1.29 9.9  56  31 999 9 99 9 9 9 9
CL 2002  24  7 35 30  14.6   8.6  -5.2   9.1  -4.2   2.6  -2.4   4.9  -3.1   4.4  371.0  -20.5  -27.4   5.1 999.9   54858 9999   6.0  372.6   51.3   53.5   74.2  7.3   7.0  5.0    1.06  1.42 9.9  65  35 999 9 99 9 9 9 9
CL 2002  24  7 40 30  14.6   8.5  -5.2   9.0  -4.3   2.6  -2.7   4.7  -3.4   4.2  370.7  -17.8  -26.8   4.9 999.9   54395 9999   6.0  372.1   51.2   54.3   74.7  7.3   6.9  5.0    1.03  1.36 9.9  64  39 999 9 99 9 9 9 9
CL 2002  24  9  9 30  14.1   7.8  -6.0   8.2  -5.5   2.2  -2.4   3.9  -2.8   3.7  370.4  -16.2  -25.9   4.5 999.9   45606 9999   5.1  371.7   50.0   47.9   69.2  7.4   7.8  5.4    1.26  1.24 9.9  64  37 999 9 99 9 9 9 9
CL 2002  24  9 16 30  14.1   7.7  -6.0   8.1  -5.5   2.7  -3.0   4.2  -3.4   3.9  366.3  -12.9  -30.2   4.6 999.9   42595 9999   5.8  367.8   49.6   54.3   73.5  7.4   6.8  5.0    0.96  1.24 9.9  62  41 999 9 99 9 9 9 9
CL 2002  24 10 20 30  13.6   7.1  -6.5   7.4  -6.1   3.9   3.4   1.5   3.3   1.7  361.8  -61.3    2.9   4.0 999.9   62428 9999   5.4  367.0   52.4   53.9   75.1  7.0   6.8  4.9    1.09  1.08 9.9  44  63 999 9 99 9 9 9 9
CL 2002  24 10 32  0  13.5   7.0  -6.6   7.3  -6.3   4.0   3.5   0.4   3.5   0.6  362.4  -62.8   11.1   3.8 999.9   55336 9999   5.3  368.0   51.4   54.7   75.0  7.2   6.7  4.9    1.02  1.03 9.9  41  80 999 9 99 9 9 9 9
CL 2002  25 13 40 30   6.5   8.7   8.3   7.8   9.2   2.2  -4.1  -7.2  -3.6  -7.5  335.2   29.8    2.4  23.8 999.9   28790 9999   8.6  336.5   47.5   35.1   59.1  7.1   9.6  5.7    2.12  5.39 9.9  75 154 999 9 99 9 9 9 9
CL 2002  25 14 21  0   7.2   9.1   8.1   8.0   9.2   3.5  -9.1  -6.5  -8.5  -7.3  348.1   16.9   -8.9  16.1 999.9   25069 9999  11.7  348.6   46.9   58.4   74.9  7.4   6.0  4.7    0.75  3.91 9.9  73 131 999 9 99 9 9 9 9
CL 2002  25 18 42  0  10.6  10.8   6.6   8.1   9.7   2.4  -6.0  -8.6  -3.5  -9.9  363.2   -4.5    0.2   8.7 999.9   97236 9999  10.8  363.2   57.0   72.9   92.5  6.4   5.0  3.9    0.71  2.30 9.9  77 161 999 9 99 9 9 9 9
CL 2002  25 18 59  0  10.8  10.9   6.5   8.1   9.8   2.9  -3.0 -10.2   0.0 -10.6  365.2   -9.6   10.8   8.2 999.9   89589 9999  11.0  365.5   56.0   77.0   95.2  6.5   4.7  3.8    0.61  2.19 9.9  75 180 999 9 99 9 9 9 9
CL 2002  25 19  1  0  10.8  10.9   6.5   8.1   9.8   3.1  -3.3 -10.0  -0.3 -10.6  365.4   -9.3    9.8   8.3 999.9   90830 9999  11.0  365.6   56.1   76.2   94.6  6.5   4.8  3.9    0.63  2.22 9.9  74 178 999 9 99 9 9 9 9
CL 2002  25 20 15  0  11.6  11.2   5.9   8.1   9.7   4.6  -9.0   1.9  -9.1  -1.2  368.3  -18.7  -28.4   7.4 999.9  104200 9999  10.3  369.9   57.8   75.6   95.2  6.4   4.9  3.9    0.68  2.02 9.9  63  98 999 9 99 9 9 9 9
CL 2002  26  2 25  0  14.6  11.7   2.8   9.9   6.9   5.0  -6.5  -4.0  -4.3  -6.2  407.7  -22.1   43.7   4.4 999.9  159635 9999   9.1  410.6   64.4   87.0  108.2  6.4   4.7  3.8    0.63  1.48 9.9  57 145 999 9 99 9 9 9 9
CL 2002  26  2 46  0  14.7  11.6   2.6   9.9   6.5   5.4  -6.7  -2.0  -5.4  -4.5  405.7  -27.6   24.2   4.6 999.9  157442 9999   8.8  407.4   64.1   82.4  104.4  6.4   4.9  3.9    0.70  1.53 9.9  52 130 999 9 99 9 9 9 9
CL 2002  32 19  4 30   9.4   8.6   7.7   5.1  10.3  -0.5  -5.9   8.9  -8.4   6.5  336.5   22.0  -15.3  17.0 999.9   36183 9999  10.7  337.6   48.6   51.9   71.1  6.9   6.5  4.7    1.02  3.87 9.9  87  52 999 9 99 9 9 9 9
CL 2002  32 19  5 30   9.4   8.6   7.7   5.1  10.3  -0.5  -5.7   9.1  -8.4   6.7  336.7   21.6  -15.4  16.7 999.9   35905 9999  10.7  337.7   48.6   52.6   71.6  7.0   6.4  4.7    0.99  3.81 9.9  87  51 999 9 99 9 9 9 9
CL 2002  32 19 41  0   9.9   8.8   7.5   5.1  10.4   1.0  -5.4   7.7  -7.7   5.4  341.2   15.0  -15.6  15.2 999.9   36835 9999   9.5  341.9   48.7   48.5   68.8  7.0   7.0  5.0    1.17  3.55 9.9  84  55 999 9 99 9 9 9 9
CL 2002  40  0 25  0  12.2   7.7   7.0   3.4   9.8  -1.6   2.4  -2.8   3.5  -1.3  477.3   -2.5  -45.5   4.1 999.9   56940 9999   4.0  479.5   51.6   39.7   65.1  9.3  12.1  7.4    1.96  1.89 9.9  67 110 999 9 99 9 9 9 9
CL 2002  40  0 36 30  12.3   7.7   6.9   3.5   9.7  -1.8   1.4  -0.9   1.6  -0.1  475.4  -10.1  -26.5   3.9 999.9   61305 9999   2.5  476.2   52.2   24.8   57.8  9.1  19.2  8.2    5.12  1.77 9.9  43  94 999 9 99 9 9 9 9
CL 2002  40  0 40 30  12.4   7.7   6.9   3.5   9.7  -1.6   0.6  -3.4   2.2  -2.7  478.4  -18.8  -43.0   4.0 999.9   62272 9999   3.8  480.7   52.3   38.1   64.7  9.2  12.6  7.4    2.19  1.85 9.9  65 141 999 9 99 9 9 9 9
CL 2002  42 10 22  0  13.2   7.2   6.6   6.2   7.6  -3.0  -3.8  -7.4  -2.6  -7.8  457.4  -37.1  -33.6   4.1 999.9  102554 9999   8.8  460.1   57.6   87.3  104.6  8.0   5.3  4.4    0.50  1.74 9.9  70 162 999 9 99 9 9 9 9
CL 2002  42 12 10  0  14.4   7.3   5.8   6.3   6.9  -4.6   6.7   3.2   6.2   4.1  496.7  -13.7   19.4   4.9 999.9  143022 9999   8.7  497.3   62.5   78.9  100.7  8.0   6.3  4.9    0.73  2.42 9.9  58  57 999 9 99 9 9 9 9
CL 2002  42 12 43  0  14.8   7.3   5.5   6.3   6.6  -3.7   7.3   2.8   6.8   3.9  515.0    4.6   14.6   3.2 999.9  206707 9999   8.6  515.2   69.4   96.7  119.0  7.4   5.3  4.3    0.60  1.70 9.9  65  60 999 9 99 9 9 9 9
CL 2002  42 12 45  0  14.8   7.3   5.5   6.3   6.6  -3.5   7.4   2.8   6.8   3.9  517.5    6.6   13.9   3.2 999.9  209693 9999   8.7  517.7   69.7   96.7  119.2  7.4   5.4  4.3    0.60  1.72 9.9  66  60 999 9 99 9 9 9 9
CL 2002  42 13  7 30  15.0   7.3   5.3   6.3   6.5  -5.6   5.9   0.3   5.7   1.2  497.3  -15.2  -13.2   3.3 999.9  192147 9999   8.1  497.7   67.9   89.6  112.4  7.3   5.6  4.4    0.66  1.63 9.9  47  78 999 9 99 9 9 9 9
CL 2002  43 13  2 30  13.9   1.4  -7.3   2.7  -6.9  -4.8  -0.8   5.4  -1.6   5.2  476.5    9.7   32.7   3.4 999.9  108881 9999   7.3  477.7   58.4   78.8   98.1  8.2   6.1  4.9    0.64  1.55 9.9  49  17 999 9 99 9 9 9 9
CL 2002  43 16  7  0  11.3   0.2  -8.2   2.6  -7.8  -2.3   4.8   2.6   4.0   3.8  506.9    6.6   16.1   4.3 999.9  158398 9999   5.9  507.2   64.2   57.1   86.0  7.9   8.9  5.9    1.46  2.21 9.9  67  46 999 9 99 9 9 9 9
CL 2002  43 16 11 30  11.3   0.1  -8.3   2.5  -7.9  -2.0   4.7   2.8   3.8   3.9  510.2    6.7   19.1   4.5 999.9  163984 9999   5.8  510.6   64.8   54.9   85.0  7.9   9.3  6.0    1.61  2.35 9.9  70  44 999 9 99 9 9 9 9
CL 2002  44 15 32  0  10.0   6.3   8.0   3.9   9.4  -1.0  -4.4  -1.9  -3.8  -2.9  485.0  -51.2  -12.0   4.8 999.9  110789 9999   4.9  487.8   58.6   44.7   73.7  8.3  10.9  6.6    1.99  2.28 9.9  78 127 999 9 99 9 9 9 9
CL 2002  46  0  4 30  12.4   0.1  -8.0   4.1  -6.9  -4.7   2.2  -1.4   2.7  -0.1  400.1   -2.5    5.9   4.9 999.9   87328 9999   5.4  400.2   55.7   48.6   73.9  7.2   8.2  5.4    1.52  1.57 9.9  29  92 999 9 99 9 9 9 9
CL 2002  46  0  7 30  12.4   0.1  -8.0   4.1  -6.9  -4.5   2.4  -1.8   3.0  -0.3  400.2   -3.3    5.1   4.9 999.9   82632 9999   5.4  400.2   55.1   48.9   73.6  7.3   8.2  5.4    1.47  1.57 9.9  34  96 999 9 99 9 9 9 9
CL 2002  46  0 12 30  12.3   0.1  -8.0   4.1  -6.9  -4.5   2.3  -2.0   3.0  -0.5  400.0   -4.2    4.9   4.8 999.9   83042 9999   5.4  400.1   55.1   49.6   74.2  7.3   8.1  5.4    1.43  1.54 9.9  34  99 999 9 99 9 9 9 9
CL 2002  46  0 26  0  12.1   0.0  -8.1   4.0  -7.0  -5.1   2.0  -0.2   1.8   0.8  398.1   -0.5    7.4   5.2 999.9   88463 9999   5.5  398.2   55.8   48.1   73.7  7.1   8.3  5.4    1.56  1.65 9.9  22  66 999 9 99 9 9 9 9
CL 2002  46  0 40 30  11.8  -0.1  -8.1   3.9  -7.1  -5.0   2.4   0.9   1.6   2.0  399.0    2.2    7.0   5.0 999.9   73011 9999   5.6  399.1   53.8   50.3   73.6  7.4   7.9  5.4    1.33  1.59 9.9  27  39 999 9 99 9 9 9 9
CL 2002  46  1 51  0  10.7  -0.6  -8.4   3.4  -7.7  -5.1   0.8  -1.4   1.3  -0.8  392.4   -3.5    4.5   4.1 999.9   78543 9999   5.3  392.4   54.5   52.8   75.9  7.2   7.4  5.2    1.23  1.26 9.9  18 122 999 9 99 9 9 9 9
CL 2002  46  1 59 30  10.5  -0.6  -8.4   3.4  -7.7  -5.1   1.5  -1.3   1.9  -0.4  393.4   -1.7    4.7   4.3 999.9   88664 9999   5.5  393.4   55.9   52.8   76.9  7.0   7.5  5.1    1.30  1.33 9.9  21 102 999 9 99 9 9 9 9
CL 2002  49  7 47 30   8.4   5.1   8.3   3.1   9.2   1.5  -5.5  -1.2  -4.9  -2.7  390.0   -1.1    4.0  13.3 999.9   85381 9999   5.8  390.0   55.4   31.9   64.0  7.0  12.2  6.1    3.48  4.05 9.9  75 119 999 9 99 9 9 9 9
CL 2002  49  7 53  0   8.5   5.1   8.3   3.1   9.2  -0.2  -4.5  -0.4  -4.2  -1.6  396.3   -0.9    3.7  14.4 999.9   86622 9999   4.5  396.3   55.6   23.8   60.5  7.1  16.6  6.6    6.30  4.52 9.9  87 111 999 9 99 9 9 9 9
CL 2002  49  8 40  0   9.4   5.3   8.2   3.5   9.1   7.8  -3.3   2.5  -3.8   1.6  360.6   -7.9   -9.3   8.7 999.9   58099 9999   8.8  360.8   51.8   59.9   79.2  7.0   6.0  4.6    0.87  2.27 9.9  28  67 999 9 99 9 9 9 9
CL 2002  49  8 43 30   9.5   5.3   8.2   3.6   9.1   7.2  -4.1   2.6  -4.6   1.6  362.2   -5.9  -11.9   8.8 999.9   58177 9999   8.7  362.4   51.8   58.5   78.2  7.0   6.2  4.6    0.91  2.31 9.9  34  71 999 9 99 9 9 9 9
CL 2002  49  8 53 30   9.6   5.3   8.1   3.6   9.0   7.0  -1.7   3.2  -2.4   2.7  361.4  -14.3   -9.3   9.8 999.9   59921 9999   7.9  361.8   52.0   50.4   72.4  7.0   7.2  5.0    1.24  2.57 9.9  27  42 999 9 99 9 9 9 9
CL 2002  49  8 56  0   9.7   5.3   8.1   3.6   9.0   7.1  -0.4   2.8  -1.0   2.7  362.5  -17.7   -6.1  10.5 999.9   60793 9999   7.6  363.0   52.1   47.2   70.3  7.0   7.7  5.2    1.41  2.77 9.9  22  20 999 9 99 9 9 9 9
CL 2002  49  8 58  0   9.7   5.3   8.1   3.6   9.0   7.1   0.5   2.5  -0.1   2.6  363.6  -19.4   -4.5  10.9 999.9   60432 9999   7.5  364.1   52.1   45.7   69.3  7.0   8.0  5.3    1.50  2.89 9.9  20   2 999 9 99 9 9 9 9
CL 2002  49  8 59 30   9.7   5.3   8.1   3.6   9.0   6.9  -0.1   2.7  -0.7   2.6  363.6  -18.3   -5.3  11.0 999.9   61932 9999   7.4  364.1   52.3   44.7   68.8  7.0   8.1  5.3    1.59  2.92 9.9  21  15 999 9 99 9 9 9 9
CL 2002  50  3 46  0  18.9   3.3  -1.0   3.4   0.4  -1.5   9.0   7.1   4.8  10.4  356.5   11.4    7.1   2.5 999.9   46016 9999  11.6  356.8   50.1  146.2  154.6  7.1   2.4  2.3    0.14  0.64 9.9  83  25 999 9 99 9 9 9 9
CL 2002  50  4  3  0  18.9   3.2  -1.2   3.4   0.2  -1.5   9.0   6.0   5.4   9.3  362.9    5.1    3.2   3.3 999.9   49601 9999  10.9  362.9   50.6  120.2  130.4  7.2   3.0  2.8    0.20  0.87 9.9  82  30 999 9 99 9 9 9 9
CL 2002  50  4 27 30  18.9   3.1  -1.4   3.4  -0.1  -3.1   8.8   4.1   6.2   7.4  366.8   -6.6   -1.8   2.8 999.9   72861 9999  10.2  366.9   53.8  121.8  133.2  6.8   3.0  2.8    0.23  0.75 9.9  72  40 999 9 99 9 9 9 9
CL 2002  50  5 47 30  18.7   2.7  -2.2   3.3  -1.2  -2.9   8.9   2.4   7.4   5.5  363.9  -12.3  -12.1   3.1 999.9   79293 9999   9.7  364.3   54.6  109.8  122.6  6.7   3.3  3.0    0.29  0.82 9.9  73  53 999 9 99 9 9 9 9
CL 2002  50 15  9  0  14.9   0.0  -6.9   1.9  -6.6   1.7   6.1   3.2   5.1   4.6  434.7   13.5   25.9   4.0 999.9  143270 9999   7.1  435.7   62.5   71.0   94.6  7.0   6.1  4.6    0.90  1.52 9.9  76  48 999 9 99 9 9 9 9
CL 2002  50 15 14  0  14.8   0.0  -7.0   1.9  -6.7   1.0   5.2   4.5   4.0   5.6  430.4    7.1   35.1   4.2 999.9  139794 9999   6.9  431.9   62.1   67.8   92.0  7.0   6.4  4.7    0.97  1.57 9.9  82  36 999 9 99 9 9 9 9
CL 2002  50 15 17 30  14.8   0.0  -7.0   2.0  -6.7   0.3   4.8   5.2   3.4   6.2  426.3    3.3   41.2   4.3 999.9  136809 9999   7.1  428.3   61.8   68.3   92.1  6.9   6.3  4.7    0.95  1.58 9.9  88  29 999 9 99 9 9 9 9
CL 2002  50 16 53  0  13.5  -0.5  -7.6   2.2  -7.3  -3.7   4.1  -2.3   4.6  -1.0  417.5  -15.0    2.6   4.3 999.9  148078 9999   6.0  417.8   63.1   57.7   85.5  6.6   7.2  4.9    1.38  1.50 9.9  52 102 999 9 99 9 9 9 9
CL 2002  50 17 14 30  13.2  -0.6  -7.7   2.2  -7.4  -4.1   4.6  -1.3   4.7   0.2  415.1  -10.8    4.5   4.1 999.9  147628 9999   6.3  415.3   63.0   62.2   88.5  6.6   6.7  4.7    1.19  1.41 9.9  49  88 999 9 99 9 9 9 9
CL 2002  57 21 35  0  12.0  -2.5  -8.1   2.1  -8.2   4.3  -4.5  -1.2  -3.3  -3.3  354.7    3.8  -31.1   5.6 999.9   39694 9999   6.3  356.1   49.1   53.6   72.7  7.2   6.6  4.9    0.97  1.42 9.9  47 135 999 9 99 9 9 9 9
CL 2002  57 22  0  0  11.6  -2.6  -8.2   2.1  -8.3  -1.9  -5.5   3.7  -6.6   0.4  353.3    2.3  -29.9   6.4 999.9   37242 9999   6.9  354.6   48.8   54.5   73.2  7.3   6.5  4.8    0.93  1.61 9.9  74  87 999 9 99 9 9 9 9
CL 2002  57 22  3 30  11.6  -2.6  -8.2   2.1  -8.3  -1.5  -5.7   3.2  -6.5  -0.2  352.3    3.0  -27.2   6.1 999.9   36426 9999   6.7  353.4   48.7   54.3   72.9  7.3   6.5  4.8    0.93  1.52 9.9  77  92 999 9 99 9 9 9 9
CL 2002  60  8 18  0  10.2  -3.2  -8.5  -1.0  -9.0  11.3   2.6   1.6   2.0   2.2  377.8   10.9  -18.4  10.2 999.9   38891 9999  11.7  378.4   49.0   73.3   88.2  7.7   5.2  4.3    0.52  2.92 9.9  15  42 999 9 99 9 9 9 9
CL 2002  60  8 40  0   9.8  -3.2  -8.5  -1.1  -9.0  11.6   2.2   1.0   1.8   1.5  370.7   12.6  -19.1   9.7 999.9   40773 9999  11.8  371.4   49.3   76.1   90.7  7.5   4.9  4.1    0.49  2.68 9.9  12  50 999 9 99 9 9 9 9
CL 2002  60  8 54  0   9.6  -3.3  -8.6  -1.3  -9.1  10.7   2.2  -0.5   2.2   0.1  376.0   12.8  -20.1  11.5 999.9   44050 9999  10.9  376.8   49.8   64.5   81.5  7.6   5.8  4.6    0.69  3.26 9.9  12  87 999 9 99 9 9 9 9
CL 2002  60  9 47  0   8.5  -3.3  -8.7  -1.4  -9.2   9.5   3.7  -0.5   3.7   0.3  372.5   12.4  -24.7  11.7 999.9   37939 9999  10.2  373.5   48.9   59.7   77.1  7.6   6.3  4.8    0.78  3.26 9.9  21  85 999 9 99 9 9 9 9
CL 2002  60  9 59 30   8.3  -3.3  -8.7  -1.4  -9.2   8.8   4.1  -1.3   4.3  -0.3  370.8   11.2  -24.8  12.8 999.9   36785 9999   9.8  371.8   48.7   54.8   73.3  7.6   6.8  5.1    0.92  3.54 9.9  26  94 999 9 99 9 9 9 9
CL 2002  62 17 32 30   9.9  -3.6  -8.5   0.2  -9.2   5.8  -3.3  -1.7  -2.4  -2.8  328.0   34.8   20.3   6.8 999.9   50980 9999   6.9  330.5   50.8   52.8   73.3  6.5   6.3  4.5    1.07  1.49 9.9  33 139 999 9 99 9 9 9 9
CL 2002  62 17 35 30   9.9  -3.6  -8.5   0.2  -9.2   5.5  -3.4  -1.9  -2.5  -3.0  328.0   34.8   20.3   6.8 999.9   50980 9999   6.7  330.5   50.8   51.7   72.5  6.5   6.4  4.6    1.12  1.49 9.9  35 140 999 9 99 9 9 9 9
CL 2002  65  1 41  0  10.8  -4.0  -8.3   0.8  -9.2  -6.1  -0.6   0.2  -0.6  -0.1  639.8  -48.0  -19.9   3.3 999.9  234500 9999   6.1  641.9   72.2   67.5   98.9  8.9   9.5  6.5    1.32  2.72 9.9   6  99 999 9 99 9 9 9 9
CL 2002  65  1 51  0  10.6  -4.0  -8.4   0.8  -9.3  -5.6   1.0  -0.9   1.3  -0.2  643.4  -34.4  -34.1   3.0 999.9  261437 9999   5.8  645.2   74.9   66.5  100.2  8.6   9.7  6.4    1.47  2.50 9.9  14  99 999 9 99 9 9 9 9
CL 2002  65  1 52 30  10.6  -4.0  -8.4   0.8  -9.3  -5.5   1.6  -0.1   1.4   0.7  644.8  -26.7  -30.2   3.0 999.9  257740 9999   5.7  646.1   74.5   66.2   99.7  8.7   9.8  6.5    1.47  2.50 9.9  16  63 999 9 99 9 9 9 9
CL 2002  65  1 58  0  10.5  -4.0  -8.4   0.8  -9.3  -4.3   2.9   2.1   1.4   3.3  660.9   -9.8  -14.2   2.8 999.9  254597 9999   5.6  661.1   74.2   66.9   99.9  8.9   9.9  6.6    1.42  2.45 9.9  40  23 999 9 99 9 9 9 9
CL 2002  65  1 59  0  10.4  -4.0  -8.4   0.8  -9.3  -4.0   3.0   3.0   1.0   4.1  664.1   -5.1   -6.7   2.7 999.9  247453 9999   5.8  664.2   73.5   71.0  102.2  9.0   9.4  6.5    1.24  2.38 9.9  47  14 999 9 99 9 9 9 9
CL 2002  65  2  0 30  10.4  -4.0  -8.4   0.8  -9.3  -3.6   2.9   3.9   0.5   4.9  669.3   -3.7    2.6   2.7 999.9  240183 9999   6.0  669.3   72.8   73.6  103.5  9.2   9.1  6.5    1.13  2.42 9.9  53   6 999 9 99 9 9 9 9
CL 2002  65  2  3 30  10.4  -4.0  -8.4   0.8  -9.3  -2.9   2.8   4.9  -0.2   5.6  677.4   -2.1   11.1   2.6 999.9  227389 9999   6.3  677.5   71.5   78.7  106.4  9.5   8.6  6.4    0.96  2.39 9.9  63   2 999 9 99 9 9 9 9
CL 2002  65  2  5  0  10.3  -4.0  -8.4   0.7  -9.3  -2.6   2.7   5.3  -0.5   5.9  681.2   -1.7   14.4   2.6 999.9  216551 9999   6.5  681.4   70.4   80.5  107.0  9.7   8.5  6.4    0.89  2.41 9.9  66   5 999 9 99 9 9 9 9
CL 2002  65  2 12 30  10.2  -4.0  -8.4   0.7  -9.3  -1.8   1.2   6.0  -2.1   5.8  686.3  -16.6   17.2   2.6 999.9  188866 9999   6.4  686.7   67.5   79.1  104.0 10.2   8.7  6.6    0.84  2.45 9.9  74  20 999 9 99 9 9 9 9
CL 2002  66  1 45 30  12.1   2.0   7.7  -2.2   7.6   2.6   4.6  -0.1   3.9   2.3  639.6    7.7  -20.9   3.3 999.9  128082 9999   5.3  640.0   60.7   58.2   84.1 10.5  11.0  7.6    1.26  2.70 9.9  61  59 999 9 99 9 9 9 9
CL 2002  66  1 50  0  12.2   2.0   7.7  -2.2   7.6   2.3   4.5  -1.4   4.5   1.1  637.9    5.1  -27.8   3.2 999.9  127734 9999   5.2  638.5   60.7   58.6   84.4 10.5  10.9  7.6    1.24  2.61 9.9  64  76 999 9 99 9 9 9 9
CL 2002  66  1 54 30  12.2   2.0   7.7  -2.2   7.7   1.1   4.2  -2.5   4.9   0.1  631.3    6.4  -36.1   3.3 999.9  125766 9999   5.0  632.4   60.5   55.2   81.8 10.5  11.5  7.7    1.39  2.64 9.9  77  89 999 9 99 9 9 9 9
CL 2002  66  1 56 30  12.3   2.0   7.7  -2.2   7.7   0.4   4.2  -2.6   5.0   0.0  629.3    7.0  -38.0   3.3 999.9  124367 9999   5.0  630.5   60.3   54.6   81.3 10.5  11.6  7.8    1.41  2.62 9.9  85  90 999 9 99 9 9 9 9
CL 2002  66  2  4  0  12.4   1.9   7.6  -2.2   7.5  -0.3   4.7  -0.9   4.5   1.7  622.9   14.0  -25.1   3.6 999.9  124289 9999   4.8  623.6   60.3   50.5   78.7 10.3  12.3  7.9    1.65  2.80 9.9  86  69 999 9 99 9 9 9 9
CL 2002  67 10 34 30  10.8  -4.5  -8.3  -2.6  -9.1  -2.5   3.3   0.5   3.1   1.3  474.6   12.5  -11.0   4.0 999.9   88048 9999   4.2  474.9   55.8   41.7   69.6  8.5  11.4  6.8    2.07  1.80 9.9  53  67 999 9 99 9 9 9 9
CL 2002  68 10 36 30  12.0   1.6   7.8  -0.1   8.0  -3.9   2.4  -2.7   3.0  -2.0  412.1    6.5  -26.2   5.0 999.9   46787 9999   5.3  413.0   50.2   47.5   69.1  8.2   8.7  6.0    1.29  1.71 9.9  43 124 999 9 99 9 9 9 9
CL 2002  68 10 51  0  12.2   1.5   7.7  -0.2   7.8  -2.2   4.5  -1.1   4.6   0.0  420.6   21.5  -18.8   5.1 999.9   38750 9999   5.1  421.6   49.0   45.4   66.8  8.6   9.3  6.3    1.35  1.81 9.9  65  90 999 9 99 9 9 9 9
CL 2002  68 10 54  0  12.2   1.5   7.7  -0.2   7.8  -2.0   5.2   0.8   4.8   1.9  420.7   30.8  -11.2   4.6 999.9   37942 9999   5.6  422.0   48.9   52.5   71.7  8.6   8.0  5.9    1.00  1.64 9.9  69  68 999 9 99 9 9 9 9
CL 2002  69 18 20  0  11.8  -5.0  -7.9  -0.9  -9.3  -1.5   5.8   1.8   4.5   4.0  391.1   40.6  -11.6   6.2 999.9   44671 9999   6.3  393.4   49.9   50.2   70.8  7.9   7.8  5.6    1.14  1.92 9.9  76  48 999 9 99 9 9 9 9
CL 2002  70 19  1 30  11.3   1.3   7.9  -2.6   7.6  -8.0   7.9  -0.8   7.5   2.8  368.8   48.3  -31.3   9.8 999.9  109839 9999  11.3  373.3   58.5   72.0   92.8  6.4   5.2  4.0    0.76  2.73 9.9  45  70 999 9 99 9 9 9 9
CL 2002  70 19 12 30  11.5   1.2   7.9  -2.8   7.5  -8.1   7.2  -1.9   7.3   1.5  364.4   50.0  -44.5   9.9 999.9  117977 9999  11.0  370.5   59.5   69.9   91.8  6.2   5.3  4.0    0.84  2.72 9.9  43  78 999 9 99 9 9 9 9
CL 2002  70 19 14 30  11.6   1.2   7.9  -2.8   7.5  -8.8   6.1  -1.3   6.0   1.6  363.2   50.1  -45.8   9.9 999.9  118154 9999  10.8  369.5   59.5   68.6   90.8  6.2   5.4  4.1    0.87  2.70 9.9  35  75 999 9 99 9 9 9 9
CL 2002  70 19 17  0  11.6   1.2   7.9  -2.8   7.5  -9.3   4.9   0.0   4.3   2.2  362.1   51.5  -47.9  10.1 999.9  113828 9999  10.5  368.9   59.0   66.2   88.6  6.3   5.6  4.2    0.92  2.75 9.9  28  63 999 9 99 9 9 9 9
CL 2002  70 19 40  0  12.0   1.1   7.8  -2.9   7.3  -8.3  -2.3   4.2  -4.0   2.7  382.0   -2.4   -6.6   8.0 999.9  196499 9999   9.6  382.1   68.4   67.8   96.2  5.6   5.6  4.0    1.18  2.34 9.9  30  56 999 9 99 9 9 9 9
CL 2002  70 19 44 30  12.1   1.1   7.7  -2.9   7.2  -7.3  -1.7   5.0  -3.9   3.6  383.2    1.2   -2.1   8.1 999.9  166486 9999   9.0  383.2   65.1   63.3   90.8  5.9   6.1  4.2    1.22  2.38 9.9  36  47 999 9 99 9 9 9 9
CL 2002  70 19 52  0  12.2   1.0   7.7  -3.0   7.1  -9.0   0.7   2.3  -0.5   2.3  376.5   -1.2  -27.7   7.2 999.9  306360 9999   9.3  377.5   79.1   69.4  105.2  4.8   5.4  3.6    1.50  2.05 9.9  15  12 999 9 99 9 9 9 9
CL 2002  72  4 36  0  10.5  -5.4  -8.3  -1.5  -9.8  -4.0   3.2  -0.6   3.2   0.9  449.1   20.6    5.9   4.8 999.9  101077 9999   5.2  449.6   57.4   47.1   74.3  7.8   9.5  6.1    1.72  1.94 9.9  39  74 999 9 99 9 9 9 9
CL 2002  72  4 38  0  10.5  -5.4  -8.3  -1.5  -9.8  -3.9   3.1  -1.3   3.4   0.3  449.3   19.1    2.0   4.8 999.9   97646 9999   5.1  449.7   57.0   47.0   73.9  7.9   9.6  6.1    1.70  1.94 9.9  41  85 999 9 99 9 9 9 9
CL 2002  72  4 44  0  10.4  -5.4  -8.3  -1.6  -9.8  -3.8   3.2  -2.2   3.8  -0.5  449.4   18.2   -0.2   4.5 999.9   85807 9999   5.4  449.8   55.5   51.2   75.5  8.1   8.8  6.0    1.36  1.82 9.9  46  98 999 9 99 9 9 9 9
CL 2002  72  4 46  0  10.3  -5.4  -8.3  -1.6  -9.8  -4.0   3.3  -2.1   3.9  -0.4  449.3   19.0    0.5   4.5 999.9   83580 9999   5.6  449.7   55.2   52.7   76.3  8.1   8.5  5.9    1.27  1.82 9.9  44  96 999 9 99 9 9 9 9
CL 2002  72  5 33  0   9.5  -5.3  -8.5  -1.8  -9.9  -4.8   1.9  -2.6   2.8  -1.6  442.4   20.3    1.4   4.2 999.9   89952 9999   5.8  442.9   56.0   56.4   79.5  7.9   7.9  5.6    1.14  1.65 9.9  34 120 999 9 99 9 9 9 9
CL 2002  73  5 41  0  12.9   0.3   7.5  -2.4   7.1  -3.9   3.9   2.7   2.4   4.1  412.5   15.4   11.2   4.9 999.9   68452 9999   6.1  412.9   53.2   55.5   76.9  7.8   7.4  5.4    1.06  1.67 9.9  51  30 999 9 99 9 9 9 9
CL 2002  73  5 51 30  13.0   0.2   7.4  -2.4   7.0  -4.0   3.4   3.0   1.9   4.1  412.9   13.2   13.8   5.1 999.9   68444 9999   6.0  413.3   53.2   53.5   75.5  7.8   7.7  5.5    1.14  1.74 9.9  49  25 999 9 99 9 9 9 9
CL 2002  73  5 58  0  13.1   0.2   7.4  -2.4   7.0  -3.8   4.1   2.2   2.9   3.7  413.7   17.2    7.0   5.1 999.9   60764 9999   6.0  414.1   52.1   53.2   74.5  7.9   7.8  5.6    1.11  1.75 9.9  51  38 999 9 99 9 9 9 9
CL 2002  73  5 59 30  13.1   0.2   7.3  -2.4   6.9  -3.9   4.2   1.9   3.1   3.4  413.0   17.5    4.5   4.9 999.9   60469 9999   6.0  413.4   52.1   54.6   75.4  7.9   7.6  5.5    1.06  1.67 9.9  50  42 999 9 99 9 9 9 9
CL 2002  73  6  2 30  13.2   0.2   7.3  -2.3   6.9  -4.1   4.4   1.2   3.5   2.8  411.4   18.4   -0.1   4.7 999.9   62159 9999   6.1  411.8   52.3   56.6   77.1  7.9   7.3  5.3    0.99  1.59 9.9  48  51 999 9 99 9 9 9 9
CL 2002  80  6  8 30  10.2  -0.1   8.1  -2.9   7.6   1.8  -0.6   4.0  -2.1   3.5  461.7   10.7   18.9   8.3 999.9   92856 9999   4.4  462.2   56.4   30.7   64.2  8.2  15.0  7.2    3.90  3.55 9.9  66  31 999 9 99 9 9 9 9
CL 2002  80  6 16  0  10.3  -0.2   8.1  -2.9   7.6   0.7  -2.5   4.0  -3.8   2.8  464.3   16.6   15.1   8.2 999.9   85620 9999   4.8  464.8   55.5   33.3   64.7  8.4  14.0  7.2    3.21  3.54 9.9  82  54 999 9 99 9 9 9 9
CL 2002  82 14 50  0   9.7  -0.3   8.2  -2.8   7.7   0.5 -10.5  -2.0  -9.6  -4.9  463.2   41.9  -63.9   8.7 999.9   92286 9999  10.7  469.5   56.3   72.6   91.9  8.3   6.5  5.1    0.70  3.83 9.9  87 117 999 9 99 9 9 9 9
CL 2002  82 14 53 30   9.8  -0.4   8.2  -2.9   7.7   0.4 -10.6  -2.5  -9.5  -5.4  464.6   43.2  -60.3   8.8 999.9   94350 9999  10.9  470.5   56.6   73.5   92.7  8.3   6.4  5.1    0.69  3.90 9.9  88 120 999 9 99 9 9 9 9
CL 2002  82 15 14  0  10.2  -0.5   8.1  -3.1   7.5   0.5 -10.3  -2.5  -9.1  -5.4  467.8   43.8  -52.1   9.0 999.9  106270 9999  10.6  472.7   58.1   70.7   91.5  8.1   6.7  5.2    0.78  4.02 9.9  87 121 999 9 99 9 9 9 9
CL 2002  82 18 31  0  13.1  -2.1   7.2  -5.2   5.4   6.6  -9.3   4.1 -10.1  -0.3  427.3   -0.1  -66.3   6.6 999.9   49523 9999  12.1  432.4   50.6   94.3  107.0  8.6   4.6  4.0    0.33  2.47 9.9  57  92 999 9 99 9 9 9 9
CL 2002  82 19 35 30  13.9  -2.6   6.8  -5.7   4.6   4.3 -10.5   0.7  -9.5  -4.4  415.4   11.3  -68.2   5.5 999.9   49453 9999  11.4  421.1   50.6   96.9  109.3  8.3   4.3  3.9    0.31  1.95 9.9  68 115 999 9 99 9 9 9 9
CL 2002  85  0 36  0  10.4  -1.1   8.1  -5.3   6.2  -4.7   6.0   5.8   1.8   8.1  401.6   32.0    9.5  14.1 999.9  113929 9999   9.6  403.0   59.0   51.0   78.0  6.8   7.9  5.2    1.55  4.58 9.9  61  13 999 9 99 9 9 9 9
CL 2002  85  0 46 30  10.6  -1.2   8.0  -5.3   6.1  -7.4   2.6   5.6  -0.9   6.1  397.5   16.6    9.1  12.6 999.9  128519 9999   9.6  398.0   60.8   54.3   81.5  6.5   7.3  4.9    1.45  3.99 9.9  40   8 999 9 99 9 9 9 9
CL 2002  85  3 21  0  12.9  -2.5   7.3  -5.6   5.3   2.2  12.0   4.5   8.2   9.8  427.0   -8.7   18.8   3.8 999.9  177707 9999  13.0  427.5   66.3  133.4  149.0  6.4   3.2  2.9    0.29  1.39 9.9  80  40 999 9 99 9 9 9 9
CL 2002  88 22 15 30   6.5  -7.2  -8.8  -1.2 -11.3  -2.5   3.7   3.3   1.4   4.8  361.8   53.9    8.8  34.5 999.9   57056 9999   5.6  365.9   51.6   18.9   55.0  7.1  19.4  6.7    8.63  9.24 9.9  63  16 999 9 99 9 9 9 9
CL 2002  88 22 28 30   6.2  -7.1  -8.8  -1.1 -11.3  -2.4   4.1   2.6   2.0   4.4  361.8   53.9    8.8  34.5 999.9   57056 9999   5.4  365.9   51.6   18.4   54.8  7.1  19.8  6.7    9.07  9.24 9.9  64  24 999 9 99 9 9 9 9
CL 2002  92  3 30 30   9.9  -2.2   8.1  -5.6   6.3  -3.1  -3.0  -0.8  -2.3  -2.1  681.5  -29.8   -4.2   2.5 999.9  174763 9999   4.4  682.2   66.0   55.5   86.3 10.3  12.3  7.9    1.64  2.33 9.9  45 132 999 9 99 9 9 9 9
CL 2002  92  3 40  0  10.0  -2.3   8.1  -5.6   6.3  -2.9   1.8  -0.7   1.9   0.2  679.2   11.8  -17.8   3.0 999.9  176178 9999   3.5  679.5   66.2   40.2   77.5 10.3  16.9  8.8    3.13  2.77 9.9  34  84 999 9 99 9 9 9 9
CL 2002  92  3 46  0  10.1  -2.4   8.1  -5.7   6.2  -2.8   2.1   0.4   1.7   1.3  677.6   11.5   -5.8   2.7 999.9  180977 9999   3.5  677.7   66.7   42.9   79.3 10.2  15.8  8.5    2.80  2.48 9.9  37  53 999 9 99 9 9 9 9
CL 2002  95 19 54  0  10.3 -10.5  -7.3  -5.4 -11.6   0.9   6.3   2.8   4.2   5.5  395.7   50.3    6.3   4.0 999.9   34374 9999   7.0  398.9   48.4   69.5   84.7  8.3   5.7  4.7    0.56  1.27 9.9  83  37 999 9 99 9 9 9 9
CL 2002  97  2 19  0  13.0  -6.1   6.6  -8.5   2.8  -4.9   5.8  -1.1   5.6   2.0  368.7   30.6   -9.0   5.0 999.9   60928 9999   7.7  370.1   52.2   68.6   86.2  7.1   5.4  4.3    0.67  1.37 9.9  50  70 999 9 99 9 9 9 9
CL 2002  98  3 51  0  10.6 -11.2  -6.9  -7.2 -11.0  -1.9   2.9   1.5   1.8   2.6  384.9    5.6    7.4   2.6 999.9   87311 9999   3.8  385.0   55.7   46.9   72.8  6.9   8.2  5.3    1.63  0.77 9.9  60  35 999 9 99 9 9 9 9
CL 2002  98  3 52 30  10.6 -11.2  -6.9  -7.3 -11.0  -1.6   3.0   1.4   2.1   2.6  385.0    6.7    6.6   2.6 999.9   82528 9999   3.7  385.1   55.1   45.6   71.5  7.0   8.4  5.4    1.69  0.77 9.9  64  39 999 9 99 9 9 9 9
CL 2002  99  8 21  0  10.8  -4.6   7.7  -6.3   6.4   2.9   4.2   1.9   3.5   3.0  347.0   19.7   20.9   4.8 999.9   41979 9999   5.4  348.2   49.5   49.7   70.1  7.0   7.0  5.0    1.15  1.16 9.9  58  49 999 9 99 9 9 9 9
CL 2002  99  8 54  0  11.2  -5.0   7.5  -6.6   6.2   4.2   3.5   0.9   3.2   1.8  348.4   18.9   18.4   4.9 999.9   46973 9999   5.5  349.4   50.2   50.1   70.9  7.0   7.0  4.9    1.16  1.20 9.9  41  61 999 9 99 9 9 9 9
CL 2002  99  8 59  0  11.3  -5.1   7.5  -6.7   6.2   4.2   3.6   0.9   3.3   1.8  346.8   20.3   18.6   4.9 999.9   45423 9999   5.6  347.9   50.0   50.6   71.1  7.0   6.9  4.9    1.13  1.19 9.9  41  61 999 9 99 9 9 9 9
CL 2002 101 17  2  0  10.3  -4.7   7.8  -7.3   5.4   0.0   9.6   3.3   7.9   6.4  482.5   39.7   20.8   6.1 999.9  123743 9999  10.2  484.6   60.2   82.2  101.9  8.0   5.9  4.8    0.62  2.86 9.9  90  51 999 9 99 9 9 9 9
CL 2002 101 17 25 30  10.6  -5.0   7.7  -7.7   5.0  -1.5   7.8   5.7   5.2   8.2  470.6   28.3   38.6   6.6 999.9  120501 9999   9.8  473.0   59.8   76.1   96.8  7.9   6.2  4.9    0.71  2.95 9.9  81  32 999 9 99 9 9 9 9
CL 2002 101 17 26 30  10.6  -5.1   7.7  -7.8   5.0  -2.1   7.7   5.8   5.1   8.2  466.0   27.5   39.7   6.7 999.9  113822 9999   9.9  468.5   59.0   76.2   96.4  7.9   6.1  4.9    0.69  2.94 9.9  78  32 999 9 99 9 9 9 9
CL 2002 101 18 14  0  11.2  -5.6   7.4  -8.3   4.2  -0.5  10.0   3.5   7.7   7.2  470.0   32.8   21.6   6.6 999.9  102065 9999  10.6  471.6   57.6   82.6  100.7  8.2   5.7  4.7    0.56  2.94 9.9  87  47 999 9 99 9 9 9 9
CL 2002 101 18 18  0  11.2  -5.7   7.4  -8.4   4.1   1.5   8.3   5.8   5.2   8.6  484.7   25.9   42.5   7.0 999.9  111705 9999  10.2  487.2   58.8   77.4   97.2  8.3   6.3  5.0    0.67  3.32 9.9  82  31 999 9 99 9 9 9 9
CL 2002 101 18 21 30  11.2  -5.7   7.4  -8.4   4.1   3.0   7.1   7.3   3.5   9.6  494.6   22.8   50.0   7.2 999.9  114215 9999  10.6  497.6   59.1   79.1   98.7  8.4   6.3  5.0    0.64  3.57 9.9  74  20 999 9 99 9 9 9 9
CL 2002 103  2 14 30   6.6 -10.2  -8.4  -5.0 -12.2  -2.5   5.1  -4.7   6.8  -1.5  400.4    5.2   10.0   8.5 999.9   10558 9999   7.4  400.6   44.7   50.6   67.5  9.0   7.9  5.9    0.90  2.73 9.9  70 102 999 9 99 9 9 9 9
CL 2002 104  0 42 30   9.0  -4.0   8.1  -7.6   4.9   1.5  -3.4   1.9  -3.9  -0.2  407.0  -11.6   16.2  15.0 999.9   63622 9999   4.2  407.5   52.5   21.6   56.8  7.8  18.9  7.2    6.88  4.98 9.9  69  93 999 9 99 9 9 9 9
CL 2002 104  2 21  0  10.3  -5.4   7.7  -8.4   4.3   3.1   0.7   3.2  -0.9   3.1  403.6   -3.8   11.7  15.6 999.9   59289 9999   4.5  403.8   51.9   22.8   56.7  7.8  17.7  7.1    5.99  5.09 9.9  47  16 999 9 99 9 9 9 9
CL 2002 104  2 50 30  10.6  -5.8   7.6  -8.6   4.2   0.7  -0.4  -1.0   0.2  -1.1  396.2   -5.6    4.1  17.5 999.9   58780 9999   1.3  396.3   51.9    6.1   52.2  7.6  64.5  7.6   82.57  5.50 9.9  57 170 999 9 99 9 9 9 9
CL 2002 110  3  9  0   6.9 -12.2  -7.7  -7.8 -12.1   6.8 -17.8  -7.5 -12.5 -14.7  554.4   33.0   -4.9   4.4 999.9   18489 9999  20.5  555.4   45.9  195.2  200.6 12.1   2.8  2.8    0.06  2.71 9.9  71 140 999 9 99 9 9 9 9
CL 2002 110  3 47 30   6.5 -11.9  -7.9  -7.8 -11.9  -2.1   6.3 -11.8  10.7  -8.1  571.8    2.2   47.7  16.4 999.9  169861 9999  13.5  573.8   65.5   66.9   93.6  8.8   8.6  6.1    1.11 10.80 9.9  81 127 999 9 99 9 9 9 9
CL 2002 110  4  1  0   6.4 -11.8  -8.0  -7.8 -11.9  -3.7  10.4 -10.9  14.0  -5.6  575.1    3.6   60.1   8.5 999.9  303485 9999  15.5  578.2   78.8  106.4  132.4  7.3   5.4  4.4    0.63  5.68 9.9  76 112 999 9 99 9 9 9 9
CL 2002 110  4  9 30   6.3 -11.7  -8.0  -7.8 -11.8   0.4  -1.5 -14.4   4.5 -13.7  590.1  -16.9   36.6  13.1 999.9  190575 9999  14.5  591.5   67.7   80.0  104.8  8.7   7.4  5.6    0.83  9.17 9.9  88 162 999 9 99 9 9 9 9
CL 2002 110  4 49 30   5.8 -11.3  -8.2  -7.7 -11.6   0.5   1.0 -14.2   6.3 -12.8  606.3  -16.7   28.2  16.8 999.9   70121 9999  14.2  607.2   53.4   69.5   87.7 11.4   8.7  6.9    0.68 12.39 9.9  88 154 999 9 99 9 9 9 9
CL 2002 110  4 50 30   5.8 -11.3  -8.2  -7.7 -11.6   0.7   1.3 -14.2   6.6 -12.7  605.8  -16.0   27.0  15.9 999.9   70756 9999  14.3  606.6   53.5   71.6   89.4 11.3   8.5  6.8    0.65 11.70 9.9  87 153 999 9 99 9 9 9 9
CL 2002 110  4 53 30   5.8 -11.2  -8.2  -7.7 -11.6   1.3   1.9 -14.2   7.1 -12.4  605.2  -14.6   24.5  14.9 999.9   68857 9999  14.4  605.9   53.2   74.5   91.6 11.4   8.1  6.6    0.59 10.94 9.9  85 150 999 9 99 9 9 9 9
CL 2002 110  5 11 30   5.5 -11.1  -8.3  -7.7 -11.5  -0.9   4.6  -9.7   7.8  -7.4  622.6  -11.7   24.7  14.5 999.9   79050 9999  10.8  623.2   54.6   56.6   78.6 11.4  11.0  7.9    1.08 11.26 9.9  85 134 999 9 99 9 9 9 9
CL 2002 110  5 18  0   5.5 -11.0  -8.3  -7.7 -11.4  -1.8   2.8  -6.7   5.0  -5.3  650.8  -11.1   27.2  11.4 999.9   82863 9999   7.5  651.5   55.1   44.3   70.7 11.8  14.7  9.2    1.79  9.68 9.9  76 137 999 9 99 9 9 9 9
CL 2002 113 13  0 30   8.3  -5.5   8.1  -6.9   6.9  -7.6   1.2  -1.1   1.3  -0.8  519.4   -2.0  -12.2  11.1 999.9  402151 9999   7.8  519.5   87.4   46.7   99.1  5.9  11.1  5.2    4.06  5.99 9.9  12 122 999 9 99 9 9 9 9
CL 2002 113 14 28  0   9.2  -6.8   7.7  -8.4   5.9  -3.1   1.9  -5.6   3.0  -5.1  491.2   -4.0  -25.8   9.2 999.9  274836 9999   6.7  491.9   76.2   44.0   88.0  6.5  11.2  5.6    3.46  4.45 9.9  62 150 999 9 99 9 9 9 9
CL 2002 113 15  2 30   9.5  -7.3   7.6  -9.0   5.4  -3.2  -4.8  -4.9  -3.5  -5.9  486.0  -37.9  -21.8   9.3 999.9  273628 9999   7.6  488.0   76.0   49.6   90.8  6.4   9.8  5.4    2.71  4.43 9.9  65 149 999 9 99 9 9 9 9
CL 2002 114 16 15 30   8.6 -14.8  -5.5 -12.3  -9.9  -6.4   4.0  -4.2   5.0  -3.0  475.4   15.8   12.1   3.1 999.9   76360 9999   8.6  475.8   54.2   98.1  112.1  8.8   4.8  4.2    0.35  1.40 9.9  42 121 999 9 99 9 9 9 9
CL 2002 114 16 21 30   8.6 -14.8  -5.6 -12.3 -10.0  -5.9   4.1  -4.6   5.3  -3.3  477.3   18.7    9.6   3.2 999.9   83324 9999   8.5  477.8   55.2   95.4  110.2  8.7   5.0  4.3    0.39  1.46 9.9  46 122 999 9 99 9 9 9 9
CL 2002 114 16 29 30   8.5 -14.8  -5.6 -12.2 -10.1  -5.1   4.0  -3.2   4.8  -1.9  473.8   27.0    9.5   4.4 999.9  106690 9999   7.2  474.7   58.1   68.9   90.2  8.2   6.9  5.3    0.82  1.98 9.9  45 112 999 9 99 9 9 9 9
CL 2002 114 16 38  0   8.4 -14.7  -5.7 -12.0 -10.3  -4.7   4.1  -2.1   4.5  -0.9  470.0   29.1    8.9   4.9 999.9  112872 9999   6.6  471.0   58.9   59.5   83.7  8.0   7.9  5.6    1.14  2.17 9.9  44 101 999 9 99 9 9 9 9
CL 2002 114 18  5  0   7.7 -14.2  -6.4 -10.5 -11.5   2.9   4.0   3.7   2.4   4.9  526.6   34.7   47.2   4.6 999.9  106869 9999   6.2  529.8   58.2   57.6   81.8  9.1   9.2  6.5    1.18  2.58 9.9  62  26 999 9 99 9 9 9 9
CL 2002 117  4 10  0   6.6 -14.1  -6.8 -10.8 -11.3  -5.7   2.0   5.5  -0.3   5.8  404.4    8.3   60.7   6.8 999.9   91902 9999   8.2  409.0   56.3   62.7   84.2  7.3   6.5  4.9    0.93  2.28 9.9  46   3 999 9 99 9 9 9 9
CL 2002 117  4 26  0   6.5 -14.0  -6.9 -10.8 -11.3  -6.0   1.7   2.8   0.5   3.2  404.8   10.9   56.2   7.1 999.9  102131 9999   6.8  408.8   57.6   51.3   77.1  7.1   8.0  5.3    1.46  2.37 9.9  29   9 999 9 99 9 9 9 9
CL 2002 117  4 35 30   6.4 -13.9  -7.0 -10.8 -11.3  -5.5   4.8  -2.5   5.4  -0.5  412.3   18.4   13.0   7.3 999.9  100215 9999   7.7  412.9   57.3   57.1   80.9  7.2   7.2  5.1    1.17  2.49 9.9  45  95 999 9 99 9 9 9 9
CL 2002 117  5  0 30   6.2 -13.7  -7.2 -10.7 -11.2  -5.8   2.3  -4.2   3.6  -3.1  408.8   -5.2    5.1   7.9 999.9  102796 9999   7.5  408.9   57.6   53.5   78.7  7.1   7.6  5.2    1.34  2.64 9.9  40 131 999 9 99 9 9 9 9
CL 2002 118  7 57 30   8.3  -6.9   7.9  -8.3   6.4  -4.0  -0.4   5.5  -1.6   5.3  530.5  -26.2   38.3   6.3 999.9  142168 9999   6.8  532.5   62.4   54.3   82.7  8.5   9.8  6.4    1.53  3.57 9.9  54  17 999 9 99 9 9 9 9
CL 2002 120 20 51  0   9.4 -10.7   6.6 -12.5   0.8  -4.8   2.5   4.2   0.4   4.9  417.7   30.3   15.9   7.1 999.9   89013 9999   6.9  419.1   55.9   51.4   76.0  7.5   8.2  5.5    1.37  2.49 9.9  46   5 999 9 99 9 9 9 9
CL 2002 120 21  2  0   9.5 -10.8   6.6 -12.6   0.7  -5.3   3.4   3.1   1.7   4.3  417.9   34.1   13.6   7.5 999.9   94555 9999   7.0  419.5   56.6   51.3   76.4  7.4   8.2  5.5    1.41  2.64 9.9  41  22 999 9 99 9 9 9 9
CL 2002 120 21  7 30   9.5 -10.9   6.5 -12.7   0.6  -5.1   3.7   3.3   1.8   4.6  416.2   34.8   14.4   7.4 999.9   92821 9999   7.1  417.9   56.4   52.3   76.9  7.4   8.0  5.4    1.35  2.58 9.9  44  21 999 9 99 9 9 9 9
CL 2002 120 21 15 30   9.6 -11.0   6.5 -12.8   0.5  -4.7   4.8   1.4   3.6   3.5  420.5   40.8    0.6   6.9 999.9   85854 9999   6.9  422.5   55.5   52.2   76.2  7.6   8.1  5.5    1.31  2.46 9.9  47  46 999 9 99 9 9 9 9
CL 2002 123  8  5 30   9.4 -12.7   5.7 -13.5   3.5  -1.7   4.9  -0.3   4.9   0.6  434.1   25.0   25.3   3.6 999.9   75930 9999   5.2  435.6   54.2   54.8   77.0  8.0   8.0  5.7    1.13  1.37 9.9  71  83 999 9 99 9 9 9 9
CL 2002 123  8 11 30   9.5 -12.7   5.6 -13.4   3.4  -1.2   5.5   0.5   5.3   1.6  435.4   28.8   26.0   3.5 999.9   56337 9999   5.7  437.1   51.5   60.4   79.4  8.5   7.2  5.5    0.84  1.34 9.9  78  73 999 9 99 9 9 9 9
CL 2002 125 11 32 30   7.5  -8.3   7.8  -9.1   6.8  -2.6   3.2  -0.2   3.2   0.2  341.4   18.4   23.1  10.0 999.9   40467 9999   4.1  342.7   49.3   26.1   55.7  7.0  13.1  6.1    4.12  2.35 9.9  51  86 999 9 99 9 9 9 9
CL 2002 125 11 35 30   7.6  -8.4   7.8  -9.2   6.8  -2.4   3.3   0.1   3.3   0.5  342.0   19.9   24.0  10.4 999.9   38170 9999   4.1  343.4   48.9   25.3   55.1  7.0  13.6  6.2    4.32  2.45 9.9  54  81 999 9 99 9 9 9 9
CL 2002 125 12 31  0   7.9  -9.3   7.5 -10.2   6.3   0.0   5.4  -1.2   5.5  -0.6  347.5   26.6   18.2   9.0 999.9   21831 9999   5.5  349.0   46.4   36.9   59.3  7.5   9.5  5.9    1.84  2.19 9.9  90  96 999 9 99 9 9 9 9
CL 2002 125 12 38 30   7.9  -9.4   7.5 -10.3   6.2  -0.5   5.3  -0.8   5.4  -0.2  345.8   25.9   18.8   8.9 999.9   22069 9999   5.4  347.3   46.5   36.1   58.9  7.5   9.6  5.9    1.92  2.15 9.9  85  92 999 9 99 9 9 9 9
CL 2002 125 12 42 30   8.0  -9.4   7.5 -10.3   6.2  -0.9   5.2  -0.7   5.3  -0.1  344.4   24.5   19.0   8.7 999.9   21933 9999   5.3  345.8   46.5   36.1   58.8  7.4   9.6  5.9    1.92  2.08 9.9  80  91 999 9 99 9 9 9 9
CL 2002 125 12 56  0   8.0  -9.6   7.4 -10.5   6.0  -1.5   4.7  -1.0   4.8  -0.4  341.3   25.6   17.0   8.0 999.9   26256 9999   5.0  342.7   47.1   35.6   59.1  7.3   9.6  5.8    2.03  1.88 9.9  73  95 999 9 99 9 9 9 9
CL 2002 125 13  5 30   8.1  -9.8   7.3 -10.7   5.9  -1.7   3.0   0.9   2.9   1.2  341.7   23.6   22.1  11.9 999.9   24541 9999   3.6  343.2   46.9   20.7   51.2  7.3  16.6  6.7    5.96  2.80 9.9  62  68 999 9 99 9 9 9 9
CL 2002 127 23 14 30   7.9 -11.1   6.9 -13.0   1.1   4.8  -9.0  -0.4  -7.8  -4.5  385.3   12.2    9.9   9.6 999.9   23577 9999  10.2  385.6   46.7   65.9   80.8  8.3   5.9  4.8    0.58  2.86 9.9  62 120 999 9 99 9 9 9 9
CL 2002 128  0 11  0   8.1 -11.8   6.6 -13.5   0.7   5.3  -7.8  -0.8  -6.6  -4.3  386.9   12.1    7.7   8.4 999.9   27304 9999   9.5  387.2   47.3   65.3   80.6  8.2   5.9  4.8    0.61  2.52 9.9  56 123 999 9 99 9 9 9 9
CL 2002 128  0 26 30   8.2 -12.0   6.5 -13.6   0.6   4.9  -7.7   0.3  -7.0  -3.3  386.2   15.4    5.1   8.9 999.9   33561 9999   9.1  386.5   48.2   61.2   77.9  8.0   6.3  5.0    0.72  2.66 9.9  58 115 999 9 99 9 9 9 9
CL 2002 128  0 42  0   8.2 -12.2   6.3 -13.7   0.4   5.9  -7.2  -2.2  -5.4  -5.2  382.1   11.0    8.5   8.4 999.9   26848 9999   9.6  382.4   47.2   66.0   81.2  8.1   5.8  4.7    0.59  2.46 9.9  52 134 999 9 99 9 9 9 9
CL 2002 130  7 57  0   7.4 -11.1   7.1 -12.0   5.5   5.7  -3.8  -3.6  -3.2  -4.2  397.7  -51.2    1.5   5.0 999.9   46366 9999   7.7  401.0   50.1   69.2   85.5  8.0   5.8  4.7    0.61  1.61 9.9  43 143 999 9 99 9 9 9 9
CL 2002 130  8  8  0   7.4 -11.2   7.0 -12.0   5.5   5.5  -4.3  -2.8  -3.7  -3.4  390.1  -45.2    5.6   5.8 999.9   30172 9999   7.5  392.7   47.7   62.5   78.6  8.2   6.3  5.0    0.68  1.79 9.9  43 133 999 9 99 9 9 9 9
CL 2002 130  8 45 30   7.5 -11.8   6.8 -12.5   5.4   4.8  -4.9  -2.3  -4.5  -3.0  379.0  -24.8    6.4   8.2 999.9   13179 9999   7.2  379.9   45.1   50.5   67.7  8.4   7.5  5.6    0.92  2.37 9.9  48 124 999 9 99 9 9 9 9
CL 2002 130  8 52  0   7.6 -11.8   6.7 -12.5   5.4   4.7  -4.7  -2.7  -4.3  -3.3  379.3  -26.5    4.4   7.7 999.9   14045 9999   7.2  380.3   45.2   51.7   68.7  8.4   7.4  5.5    0.89  2.23 9.9  49 128 999 9 99 9 9 9 9
CL 2002 133 15 50  0   3.9 -17.2  -5.1 -15.8  -8.6   3.0  -1.8   4.5  -2.5   4.1  446.4   21.6   10.4  11.9 999.9   31291 9999   5.7  447.0   47.9   33.0   58.2  9.3  13.5  7.7    2.43  4.76 9.9  58  31 999 9 99 9 9 9 9
CL 2002 133 15 56 30   3.8 -17.1  -5.1 -15.6  -8.6   2.8  -1.8   4.4  -2.5   4.0  446.4   19.0   10.6  13.0 999.9   30408 9999   5.5  446.9   47.8   30.6   56.7  9.4  14.6  7.9    2.82  5.19 9.9  60  32 999 9 99 9 9 9 9
CL 2002 133 16  4  0   3.8 -17.1  -5.2 -15.5  -8.8   3.1  -2.0   4.2  -2.7   3.8  444.8   18.1    9.3  12.5 999.9   30355 9999   5.6  445.3   47.8   31.6   57.3  9.3  14.1  7.8    2.64  4.96 9.9  56  35 999 9 99 9 9 9 9
CL 2002 133 16 24 30   3.7 -16.9  -5.4 -15.1  -9.3   4.2  -1.8   3.8  -2.5   3.4  447.4   13.6   11.1  13.3 999.9   31556 9999   5.9  447.7   47.9   32.6   58.0  9.3  13.7  7.7    2.51  5.33 9.9  45  36 999 9 99 9 9 9 9
CL 2002 133 17  2  0   3.4 -16.7  -5.7 -14.5 -10.0   4.5  -2.1   3.2  -2.8   2.7  444.0    9.0   12.8  13.3 999.9   26066 9999   5.9  444.3   47.1   32.4   57.2  9.4  13.7  7.8    2.45  5.25 9.9  40  46 999 9 99 9 9 9 9
CL 2002 133 17 26 30   3.3 -16.5  -5.9 -14.1 -10.4   4.3  -1.8   3.0  -2.5   2.5  444.5    6.6    7.8  13.9 999.9   24569 9999   5.5  444.6   46.9   29.7   55.5  9.5  15.0  8.0    2.88  5.50 9.9  39  45 999 9 99 9 9 9 9
CL 2002 135  3 14 30   6.6 -12.6   6.6 -14.0   2.3   4.5  -3.5  -4.8  -1.6  -5.7  417.3  -33.2   42.4   7.5 999.9  100453 9999   7.5  420.8   57.4   54.4   79.1  7.3   7.7  5.3    1.29  2.66 9.9  53 164 999 9 99 9 9 9 9
CL 2002 135  3 48 30   6.7 -13.1   6.4 -14.4   2.4   2.4  -5.8  -3.3  -4.4  -5.1  430.5  -16.0   31.4   7.1 999.9   97225 9999   7.1  431.9   56.9   53.2   78.0  7.6   8.1  5.5    1.32  2.65 9.9  70 139 999 9 99 9 9 9 9
CL 2002 135  4  3  0   6.7 -13.3   6.3 -14.5   2.4   3.8  -4.0  -4.3  -2.4  -5.4  422.1  -25.0   45.3   7.2 999.9   95233 9999   7.0  425.3   56.7   52.1   77.0  7.5   8.2  5.5    1.37  2.60 9.9  57 156 999 9 99 9 9 9 9
CL 2002 135  4 41 30   6.7 -13.8   6.0 -14.9   2.4   5.2  -3.7   0.8  -3.8  -0.3  410.7  -26.8   23.9   7.3 999.9  100209 9999   6.4  412.3   57.3   47.6   74.5  7.2   8.7  5.5    1.68  2.48 9.9  36  95 999 9 99 9 9 9 9
CL 2002 140  4 18  0   5.1 -17.4   3.2 -17.7  -1.0  -6.3  10.6   4.4   9.0   7.2  483.2   28.9   18.3   8.5 999.9  109735 9999  13.1  484.4   58.5   89.8  107.2  8.3   5.4  4.5    0.49  3.99 9.9  61  51 999 9 99 9 9 9 9
CL 2002 140  4 41  0   5.1 -17.5   3.0 -17.7  -0.9  -3.7  11.2   6.4   9.2   9.1  493.5   19.1   20.4   8.6 999.9   75385 9999  13.4  494.3   54.1   91.5  106.3  9.1   5.4  4.6    0.40  4.20 9.9  74  45 999 9 99 9 9 9 9
CL 2002 140  4 43  0   5.1 -17.5   3.0 -17.7  -0.9  -3.2  10.8   6.6   8.8   9.2  495.6   19.8   23.3   9.0 999.9   77695 9999  13.1  496.5   54.4   87.0  102.7  9.1   5.7  4.8    0.45  4.44 9.9  76  44 999 9 99 9 9 9 9
CL 2002 140 10 44  0   4.0 -18.8  -0.5 -18.8  -1.0  -5.9   9.5  -1.6   9.5  -1.3  465.6   16.2   20.8   5.2 999.9  170003 9999  11.3  466.3   65.5   99.1  118.8  7.1   4.7  3.9    0.51  2.26 9.9  59  98 999 9 99 9 9 9 9
