GPSstart,UTCstart,detector,sampling_rate,duration,format,url,min_strain,max_strain,mean_strain,stdev_strain,duty_cycle,BLRMS200,BLRMS1000,BNS
1270281618,2020-04-07T08:44:30,K1,4096,4096,hdf5,"http://gwosc.org/archive/data/O3GK_4KHZ_R1/1269825536/K-
K1_GWOSC_O3GK_4KHZ_R1-1270284288-4096.hdf5",-2.8605926648463656e-14,2.6977589163541093e-14,1.0329024520866592e-18,6.589398530780216e-15,13.7939453125,7.297291411234946e-21,1.0099027562634338e-21,0.5616891301009332
1270284288,2020-04-07T08:44:30,K1,4096,4096,gwf,"http://gwosc.org/archive/data/O3GK_4KHZ_R1/1269825536/K-
K1_GWOSC_O3GK_4KHZ_R1-1270284288-4096.gwf",-2.8605926648463656e-14,2.6977589163541093e-14,1.0329024520866592e-18,6.589398530780216e-15,13.7939453125,7.297291411234946e-21,1.0099027562634338e-21,0.5616891301009332
1270288384,2020-04-07T09:52:46,K1,4096,4096,gwf,"http://gwosc.org/archive/data/O3GK_4KHZ_R1/1269825536/K-
K1_GWOSC_O3GK_4KHZ_R1-1270288384-4096.gwf",-3.902799989300676e-14,4.4440331240129513e-14,-4.492714336653995e-19,9.109154380761212e-15,36.3525390625,7.058605486677863e-21,1.5892669797831817e-21,0.5578526211293506
1270292480,2020-04-07T11:01:02,K1,4096,4096,gwf,"http://gwosc.org/archive/data/O3GK_4KHZ_R1/1269825536/K-
K1_GWOSC_O3GK_4KHZ_R1-1270292480-4096.gwf",-5.08576040558377e-14,4.826318601353092e-14,1.688535654450008e-19,9.950711570248203e-15,100.0,7.251038660739632e-21,1.6623818647026557e-21,0.5297888098829153
1270296576,2020-04-07T12:09:18,K1,4096,4096,gwf,"http://gwosc.org/archive/data/O3GK_4KHZ_R1/1269825536/K-
K1_GWOSC_O3GK_4KHZ_R1-1270296576-4096.gwf",-1.215377462297108e-12,5.2637740689827244e-14,-8.427794114007571e-17,1.1768349317182276e-14,72.4609375,7.098978574175589e-21,1.663218006429942e-21,0.5254079431378674
1270300672,2020-04-07T13:17:34,K1,4096,4096,gwf,"http://gwosc.org/archive/data/O3GK_4KHZ_R1/1269825536/K-
K1_GWOSC_O3GK_4KHZ_R1-1270300672-4096.gwf",-1.2058720588733176e-13,3.325986438802959e-14,-1.3100316920715643e-17,7.758782460962289e-15,31.5673828125,7.15967082169886e-21,9.566390389791212e-22,0.5929456765187913
1270304768,2020-04-07T14:25:50,K1,4096,4096,gwf,"http://gwosc.org/archive/data/O3GK_4KHZ_R1/1269825536/K-
K1_GWOSC_O3GK_4KHZ_R1-1270304768-4096.gwf",-3.727145626453829e-14,4.040061277676918e-14,3.4768746182550315e-20,8.704025815966372e-15,78.7353515625,7.510146432065812e-21,1.3012262284294485e-21,0.6301392801196922
1270308864,2020-04-07T15:34:06,K1,4096,4096,gwf,"http://gwosc.org/archive/data/O3GK_4KHZ_R1/1269825536/K-
K1_GWOSC_O3GK_4KHZ_R1-1270308864-4096.gwf",-3.8997489579666544e-14,3.536089160985663e-14,-1.5406043803448126e-19,8.509121892359289e-15,99.9267578125,7.470425160714367e-21,1.2990077172092905e-21,0.6230521807134031
1270312960,2020-04-07T16:42:22,K1,4096,4096,gwf,"http://gwosc.org/archive/data/O3GK_4KHZ_R1/1269825536/K-
K1_GWOSC_O3GK_4KHZ_R1-1270312960-4096.gwf",-4.4468000446810033e-14,4.358529337513042e-14,3.570818468857704e-20,9.3771366804184e-15,100.0,7.449390585422772e-21,1.2879805602032589e-21,0.6058778635105077
1270317056,2020-04-07T17:50:38,K1,4096,4096,gwf,"http://gwosc.org/archive/data/O3GK_4KHZ_R1/1269825536/K-
K1_GWOSC_O3GK_4KHZ_R1-1270317056-4096.gwf",-3.23801226927928e-13,4.0650248206024444e-14,-3.937841962953988e-17,9.916206170482572e-15,81.0546875,7.745797303313747e-21,1.3309618138695006e-21,0.6422722207859823
1270321152,2020-04-07T18:58:54,K1,4096,4096,gwf,"http://gwosc.org/archive/data/O3GK_4KHZ_R1/1269825536/K-
K1_GWOSC_O3GK_4KHZ_R1-1270321152-4096.gwf",-4.092979945218957e-14,4.2259334640431054e-14,-5.164531279822458e-21,9.257534070704882e-15,100.0,7.777474858429411e-21,1.33242492723264e-21,0.6211122458184739
1270325248,2020-04-07T20:07:10,K1,4096,4096,gwf,"http://gwosc.org/archive/data/O3GK_4KHZ_R1/1269825536/K-
K1_GWOSC_O3GK_4KHZ_R1-1270325248-4096.gwf",-2.804764378936064e-13,3.947099140721788e-14,-2.376865692876267e-17,8.60429168901188e-15,84.9365234375,8.15205850747414e-21,9.778377282751344e-22,0.6137173928838853
1270329344,2020-04-07T21:15:26,K1,4096,4096,gwf,"http://gwosc.org/archive/data/O3GK_4KHZ_R1/1269825536/K-
K1_GWOSC_O3GK_4KHZ_R1-1270329344-4096.gwf",-3.5078432595294576e-14,3.4778259645363814e-14,3.4796871313637043e-20,8.148819269710638e-15,100.0,8.113335010497296e-21,9.729838092443457e-22,0.5872987453151565
1270333440,2020-04-07T22:23:42,K1,4096,4096,gwf,"http://gwosc.org/archive/data/O3GK_4KHZ_R1/1269825536/K-
K1_GWOSC_O3GK_4KHZ_R1-1270333440-4096.gwf",-3.604116940049875e-14,3.9176906564557336e-14,-2.429735974940156e-20,8.004824003400502e-15,99.951171875,7.913290933574664e-21,9.267235814069493e-22,0.5874628725769577
1270337536,2020-04-07T23:31:58,K1,4096,4096,gwf,"http://gwosc.org/archive/data/O3GK_4KHZ_R1/1269825536/K-
K1_GWOSC_O3GK_4KHZ_R1-1270337536-4096.gwf",-3.505982282121373e-14,3.746442477942616e-14,-2.267321795259367e-19,8.052773648712418e-15,100.0,7.731362255854033e-21,9.54382801662778e-22,0.5662143109667153
1270341632,2020-04-08T00:40:14,K1,4096,4096,gwf,"http://gwosc.org/archive/data/O3GK_4KHZ_R1/1269825536/K-
K1_GWOSC_O3GK_4KHZ_R1-1270341632-4096.gwf",-4.120759931376453e-14,4.1513914949306366e-14,2.739854613930953e-19,8.161639216528146e-15,100.0,7.994404476424643e-21,9.423294509303625e-22,0.5637093032629894
1270345728,2020-04-08T01:48:30,K1,4096,4096,gwf,"http://gwosc.org/archive/data/O3GK_4KHZ_R1/1269825536/K-
K1_GWOSC_O3GK_4KHZ_R1-1270345728-4096.gwf",-3.9210809981084766e-14,3.865409582805694e-14,9.3765107581555e-20,8.158391598405855e-15,89.208984375,7.920244242336612e-21,9.434401572736858e-22,0.5681454952768777
1270378496,2020-04-08T10:54:38,K1,4096,4096,gwf,"http://gwosc.org/archive/data/O3GK_4KHZ_R1/1269825536/K-
K1_GWOSC_O3GK_4KHZ_R1-1270378496-4096.gwf",-3.112933506123262e-14,3.09824914388637e-14,-5.06663965287528e-20,7.493589728245403e-15,55.0048828125,7.089895670464597e-21,8.68214056186087e-22,0.6310633508608184
1270382592,2020-04-08T12:02:54,K1,4096,4096,gwf,"http://gwosc.org/archive/data/O3GK_4KHZ_R1/1269825536/K-
K1_GWOSC_O3GK_4KHZ_R1-1270382592-4096.gwf",-1.137577589076573e-13,3.2478158469376045e-14,-5.013301197275663e-18,7.563920007868813e-15,92.3828125,6.922234638047778e-21,9.351257747859476e-22,0.6035496445111017
1270386688,2020-04-08T13:11:10,K1,4096,4096,gwf,"http://gwosc.org/archive/data/O3GK_4KHZ_R1/1269825536/K-
K1_GWOSC_O3GK_4KHZ_R1-1270386688-4096.gwf",-3.2565395924531144e-14,3.606218620892669e-14,-3.047716054638612e-20,6.953440303975311e-15,88.2080078125,6.612960190496083e-21,1.11548277429198e-21,0.6383163955286514
1270390784,2020-04-08T14:19:26,K1,4096,4096,gwf,"http://gwosc.org/archive/data/O3GK_4KHZ_R1/1269825536/K-
K1_GWOSC_O3GK_4KHZ_R1-1270390784-4096.gwf",-3.031670280141051e-14,3.478683543475705e-14,3.0066457420211003e-20,6.88902139939621e-15,100.0,6.3132048135321536e-21,1.1060199505531829e-21,0.6121438627665275
1270394880,2020-04-08T15:27:42,K1,4096,4096,gwf,"http://gwosc.org/archive/data/O3GK_4KHZ_R1/1269825536/K-
K1_GWOSC_O3GK_4KHZ_R1-1270394880-4096.gwf",-3.33677027460542e-14,3.2630063664713356e-14,7.051380080547635e-20,7.022863457065898e-15,99.9267578125,5.7268867863066416e-21,1.0887236743927252e-21,0.6028573657879324
1270398976,2020-04-08T16:35:58,K1,4096,4096,gwf,"http://gwosc.org/archive/data/O3GK_4KHZ_R1/1269825536/K-
K1_GWOSC_O3GK_4KHZ_R1-1270398976-4096.gwf",-1.518194737938473e-13,3.045334391125365e-14,-1.9810842357759838e-17,7.112514272128521e-15,42.9443359375,5.7895958821229576e-21,1.222234824088737e-21,0.6210754941966921
1270403072,2020-04-08T17:44:14,K1,4096,4096,gwf,"http://gwosc.org/archive/data/O3GK_4KHZ_R1/1269825536/K-
K1_GWOSC_O3GK_4KHZ_R1-1270403072-4096.gwf",-3.0219592448487166e-14,3.177905455380933e-14,-1.2444821335080807e-19,7.408649174742471e-15,100.0,6.309158963594802e-21,1.3397410134647674e-21,0.6588047026605364
1270407168,2020-04-08T18:52:30,K1,4096,4096,gwf,"http://gwosc.org/archive/data/O3GK_4KHZ_R1/1269825536/K-
K1_GWOSC_O3GK_4KHZ_R1-1270407168-4096.gwf",-3.4258070804670685e-14,3.608530801317034e-14,4.360108896524851e-20,7.368549227590434e-15,100.0,6.342095746078041e-21,1.3316558831459936e-21,0.6648613037108533
1270411264,2020-04-08T20:00:46,K1,4096,4096,gwf,"http://gwosc.org/archive/data/O3GK_4KHZ_R1/1269825536/K-
K1_GWOSC_O3GK_4KHZ_R1-1270411264-4096.gwf",-3.5143798219040565e-14,3.333794314352359e-14,-1.5121855216875576e-19,7.483915857135437e-15,100.0,6.310546509256436e-21,1.3247578350622149e-21,0.6381222296584975
1270415360,2020-04-08T21:09:02,K1,4096,4096,gwf,"http://gwosc.org/archive/data/O3GK_4KHZ_R1/1269825536/K-
K1_GWOSC_O3GK_4KHZ_R1-1270415360-4096.gwf",-3.603247435700741e-14,3.350183217085585e-14,2.1312453899484824e-19,7.648781348277566e-15,100.0,6.233360237717753e-21,1.3214230674514693e-21,0.6356450025546091
1270419456,2020-04-08T22:17:18,K1,4096,4096,gwf,"http://gwosc.org/archive/data/O3GK_4KHZ_R1/1269825536/K-
K1_GWOSC_O3GK_4KHZ_R1-1270419456-4096.gwf",-3.4150112929937694e-14,3.4754934976554226e-14,-1.1345969474200208e-19,7.444828549574687e-15,100.0,6.076499513109409e-21,1.2986915364275289e-21,0.5660712371964475
1270423552,2020-04-08T23:25:34,K1,4096,4096,gwf,"http://gwosc.org/archive/data/O3GK_4KHZ_R1/1269825536/K-
K1_GWOSC_O3GK_4KHZ_R1-1270423552-4096.gwf",-1.513955349575339e-13,3.4136868802558045e-14,-9.977451973392985e-18,7.300561611783526e-15,98.779296875,5.495763276282109e-21,1.2930324931101045e-21,0.5245191596232229
1270427648,2020-04-09T00:33:50,K1,4096,4096,gwf,"http://gwosc.org/archive/data/O3GK_4KHZ_R1/1269825536/K-
K1_GWOSC_O3GK_4KHZ_R1-1270427648-4096.gwf",-3.0893286130967725e-14,3.280237614864038e-14,2.401384552408162e-19,7.266056137158629e-15,52.3193359375,6.7308344525687576e-21,1.3327665806099913e-21,0.6311479796718008
1270431744,2020-04-09T01:42:06,K1,4096,4096,gwf,"http://gwosc.org/archive/data/O3GK_4KHZ_R1/1269825536/K-
K1_GWOSC_O3GK_4KHZ_R1-1270431744-4096.gwf",-3.1858013569171883e-13,2.972205095991161e-14,-5.441970043874641e-17,7.731025009519569e-15,39.94140625,6.6827844376935745e-21,1.307946257828394e-21,0.6057387671901361
1270448128,2020-04-09T06:15:10,K1,4096,4096,gwf,"http://gwosc.org/archive/data/O3GK_4KHZ_R1/1269825536/K-
K1_GWOSC_O3GK_4KHZ_R1-1270448128-4096.gwf",-3.609737700381882e-14,3.1436308845724055e-14,2.341399378292059e-19,7.599621621839951e-15,69.921875,6.532559724826373e-21,1.3940604969190824e-21,0.5936851975719609
1270452224,2020-04-09T07:23:26,K1,4096,4096,gwf,"http://gwosc.org/archive/data/O3GK_4KHZ_R1/1269825536/K-
K1_GWOSC_O3GK_4KHZ_R1-1270452224-4096.gwf",-2.6917093411672733e-13,3.0256503966061563e-14,-5.420550814005329e-17,7.576735639337715e-15,38.8671875,6.884423853420773e-21,9.651912646545913e-22,0.6470510469803558
1270456320,2020-04-09T08:31:42,K1,4096,4096,gwf,"http://gwosc.org/archive/data/O3GK_4KHZ_R1/1269825536/K-
K1_GWOSC_O3GK_4KHZ_R1-1270456320-4096.gwf",-3.0008237874237414e-13,3.81405902478961e-14,-3.848570840119271e-17,7.245402892502472e-15,64.6240234375,7.214952430432306e-21,8.942636906309243e-22,0.6741049232544152
1270460416,2020-04-09T09:39:58,K1,4096,4096,gwf,"http://gwosc.org/archive/data/O3GK_4KHZ_R1/1269825536/K-
K1_GWOSC_O3GK_4KHZ_R1-1270460416-4096.gwf",-2.918281051744111e-14,2.9741928482752697e-14,-1.6755026878044888e-19,6.885430925511367e-15,86.8896484375,8.068344443851797e-21,9.178756533871626e-22,0.7229955494839264
1270464512,2020-04-09T10:48:14,K1,4096,4096,gwf,"http://gwosc.org/archive/data/O3GK_4KHZ_R1/1269825536/K-
K1_GWOSC_O3GK_4KHZ_R1-1270464512-4096.gwf",-2.248929948302777e-12,3.13843126127262e-14,-1.3717273443367912e-16,1.3811992948321122e-14,79.052734375,6.0347326370700856e-21,8.596286239896923e-22,0.5623285839245907
1270468608,2020-04-09T11:56:30,K1,4096,4096,gwf,"http://gwosc.org/archive/data/O3GK_4KHZ_R1/1269825536/K-
K1_GWOSC_O3GK_4KHZ_R1-1270468608-4096.gwf",-3.3107082427045634e-14,3.46262722328544e-14,2.6543613818596703e-19,7.239096200412605e-15,66.650390625,6.7459179501131474e-21,8.962012867478148e-22,0.6308499339600478
1270472704,2020-04-09T13:04:46,K1,4096,4096,gwf,"http://gwosc.org/archive/data/O3GK_4KHZ_R1/1269825536/K-
K1_GWOSC_O3GK_4KHZ_R1-1270472704-4096.gwf",-3.4899060147549895e-14,3.0800424285896374e-14,-1.2366192156821072e-19,7.182608183218557e-15,100.0,6.746828087788809e-21,9.209111863991293e-22,0.6427054372337964
1270476800,2020-04-09T14:13:02,K1,4096,4096,gwf,"http://gwosc.org/archive/data/O3GK_4KHZ_R1/1269825536/K-
K1_GWOSC_O3GK_4KHZ_R1-1270476800-4096.gwf",-3.5478311168517475e-14,3.3581189666293593e-14,1.2901722537285637e-19,7.189683246218479e-15,84.8876953125,7.076652076045941e-21,9.89078830282766e-22,0.6643795640141121
1270480896,2020-04-09T15:21:18,K1,4096,4096,gwf,"http://gwosc.org/archive/data/O3GK_4KHZ_R1/1269825536/K-
K1_GWOSC_O3GK_4KHZ_R1-1270480896-4096.gwf",-3.30999651991656e-14,3.177768364156071e-14,-4.369000481815236e-20,7.46013895437995e-15,100.0,6.929278776850323e-21,1.0760859392556877e-21,0.6427450945248708
1270484992,2020-04-09T16:29:34,K1,4096,4096,gwf,"http://gwosc.org/archive/data/O3GK_4KHZ_R1/1269825536/K-
K1_GWOSC_O3GK_4KHZ_R1-1270484992-4096.gwf",-2.695208628680944e-13,3.39441926923271e-14,-1.747349157547691e-17,7.358304775582294e-15,98.974609375,6.552402717223523e-21,1.0899610470319774e-21,0.6156732241000632
1270489088,2020-04-09T17:37:50,K1,4096,4096,gwf,"http://gwosc.org/archive/data/O3GK_4KHZ_R1/1269825536/K-
K1_GWOSC_O3GK_4KHZ_R1-1270489088-4096.gwf",-2.8759012482243113e-14,3.071581022989901e-14,-2.7193397419311685e-19,7.268991625419825e-15,42.9931640625,6.501790745698783e-21,1.0783005246353956e-21,0.6683048568647848
1270493184,2020-04-09T18:46:06,K1,4096,4096,gwf,"http://gwosc.org/archive/data/O3GK_4KHZ_R1/1269825536/K-
K1_GWOSC_O3GK_4KHZ_R1-1270493184-4096.gwf",-3.707437181807416e-14,2.9625515103662144e-14,-1.9917039842522898e-18,7.30717696169377e-15,60.7421875,6.65435890386534e-21,1.0531076253145497e-21,0.7178699127745063
1270497280,2020-04-09T19:54:22,K1,4096,4096,gwf,"http://gwosc.org/archive/data/O3GK_4KHZ_R1/1269825536/K-
K1_GWOSC_O3GK_4KHZ_R1-1270497280-4096.gwf",-2.821153209015827e-13,3.2297269540841583e-14,-3.6179790802186945e-17,7.606792953767635e-15,48.0712890625,6.735482141857263e-21,9.721561665317205e-22,0.6679884622058521
1270501376,2020-04-09T21:02:38,K1,4096,4096,gwf,"http://gwosc.org/archive/data/O3GK_4KHZ_R1/1269825536/K-
K1_GWOSC_O3GK_4KHZ_R1-1270501376-4096.gwf",-3.632903703687412e-14,3.6099142463959134e-14,-2.1024677718715208e-19,7.297721012147779e-15,83.837890625,6.746459071269586e-21,9.45295787236302e-22,0.6638436762691788
1270505472,2020-04-09T22:10:54,K1,4096,4096,gwf,"http://gwosc.org/archive/data/O3GK_4KHZ_R1/1269825536/K-
K1_GWOSC_O3GK_4KHZ_R1-1270505472-4096.gwf",-3.6022814223109944e-14,3.9785140202327396e-14,-6.598512582306179e-19,7.304256098476528e-15,84.0576171875,6.547356348479965e-21,1.0111413609004837e-21,0.6401649628255806
1270509568,2020-04-09T23:19:10,K1,4096,4096,gwf,"http://gwosc.org/archive/data/O3GK_4KHZ_R1/1269825536/K-
K1_GWOSC_O3GK_4KHZ_R1-1270509568-4096.gwf",-1.6050515876645879e-13,3.049351509722758e-14,-8.06282349680943e-17,8.126731583712331e-15,8.6181640625,7.228911657375194e-21,1.0515637381333168e-21,0.692351351609068
1270517760,2020-04-10T01:35:42,K1,4096,4096,gwf,"http://gwosc.org/archive/data/O3GK_4KHZ_R1/1269825536/K-
K1_GWOSC_O3GK_4KHZ_R1-1270517760-4096.gwf",-6.374277577761225e-14,2.8290236103060623e-14,-4.613494678658074e-18,6.607077899767734e-15,41.7724609375,6.599647950423384e-21,9.223238588965421e-22,0.6360893530271271
1270521856,2020-04-10T02:43:58,K1,4096,4096,gwf,"http://gwosc.org/archive/data/O3GK_4KHZ_R1/1269825536/K-
K1_GWOSC_O3GK_4KHZ_R1-1270521856-4096.gwf",-3.368749751084597e-14,3.3980158366447954e-14,-2.7611320143960696e-19,7.523480143710102e-15,47.36328125,6.079495590251101e-21,9.347709379409713e-22,0.6286213998388693
1270525952,2020-04-10T03:52:14,K1,4096,4096,gwf,"http://gwosc.org/archive/data/O3GK_4KHZ_R1/1269825536/K-
K1_GWOSC_O3GK_4KHZ_R1-1270525952-4096.gwf",-3.4505788928671876e-14,3.3841441385493343e-14,4.587943895562956e-20,7.729763001004145e-15,100.0,5.77651873199723e-21,9.340172032856476e-22,0.6108456563867223
1270530048,2020-04-10T05:00:30,K1,4096,4096,gwf,"http://gwosc.org/archive/data/O3GK_4KHZ_R1/1269825536/K-
K1_GWOSC_O3GK_4KHZ_R1-1270530048-4096.gwf",-3.5714799982230675e-14,3.632730374432679e-14,-4.423621375009268e-20,7.464022507264537e-15,100.0,5.3706624775649604e-21,9.24898284470688e-22,0.5916389734031875
1270534144,2020-04-10T06:08:46,K1,4096,4096,gwf,"http://gwosc.org/archive/data/O3GK_4KHZ_R1/1269825536/K-
K1_GWOSC_O3GK_4KHZ_R1-1270534144-4096.gwf",-3.3415723745655995e-14,3.56211242043538e-14,3.840969029577608e-20,7.520696045048795e-15,100.0,5.435202812557424e-21,9.362131565126208e-22,0.5780945173728747
1270538240,2020-04-10T07:17:02,K1,4096,4096,gwf,"http://gwosc.org/archive/data/O3GK_4KHZ_R1/1269825536/K-
K1_GWOSC_O3GK_4KHZ_R1-1270538240-4096.gwf",-3.469420600881891e-14,3.3860526310739404e-14,-1.6891774813351735e-20,7.581236406176305e-15,100.0,5.501597403366777e-21,9.34055126392771e-22,0.5859543270357708
1270542336,2020-04-10T08:25:18,K1,4096,4096,gwf,"http://gwosc.org/archive/data/O3GK_4KHZ_R1/1269825536/K-
K1_GWOSC_O3GK_4KHZ_R1-1270542336-4096.gwf",-3.631744155840828e-13,3.009589352355031e-14,-6.023496795365829e-17,8.443786921118208e-15,55.3955078125,5.593075817635656e-21,9.343418216144852e-22,0.5780154090844039
1270546432,2020-04-10T09:33:34,K1,4096,4096,gwf,"http://gwosc.org/archive/data/O3GK_4KHZ_R1/1269825536/K-
K1_GWOSC_O3GK_4KHZ_R1-1270546432-4096.gwf",-2.193958680048496e-12,2.7517604008736235e-14,-4.491444067081366e-16,2.3055016556452303e-14,34.8388671875,5.8348010248592666e-21,9.577925832493954e-22,0.5974055791099444
1270550528,2020-04-10T10:41:50,K1,4096,4096,gwf,"http://gwosc.org/archive/data/O3GK_4KHZ_R1/1269825536/K-
K1_GWOSC_O3GK_4KHZ_R1-1270550528-4096.gwf",-3.2733438543128786e-14,3.181844411561149e-14,3.4539141300819417e-18,7.680161722993632e-15,12.158203125,5.416690198033539e-21,8.88382265435686e-22,0.6669098156141162
1270554624,2020-04-10T11:50:06,K1,4096,4096,gwf,"http://gwosc.org/archive/data/O3GK_4KHZ_R1/1269825536/K-
K1_GWOSC_O3GK_4KHZ_R1-1270554624-4096.gwf",-1.9794209475921348e-12,3.278764559443213e-14,-6.817507239551384e-16,2.5019192335278248e-14,13.2568359375,5.36026581538782e-21,1.1301624332011376e-21,0.6008287397680881
1270566912,2020-04-10T15:14:54,K1,4096,4096,gwf,"http://gwosc.org/archive/data/O3GK_4KHZ_R1/1269825536/K-
K1_GWOSC_O3GK_4KHZ_R1-1270566912-4096.gwf",-3.669233992623906e-14,3.730755803802127e-14,1.7793951873475946e-20,9.238555161758504e-15,11.71875,6.888394551264927e-21,2.788327499649582e-21,0.6622854988296992
1270571008,2020-04-10T16:23:10,K1,4096,4096,gwf,"http://gwosc.org/archive/data/O3GK_4KHZ_R1/1269825536/K-
K1_GWOSC_O3GK_4KHZ_R1-1270571008-4096.gwf",-3.465368628278919e-13,5.1963091504526417e-14,-7.623806088513015e-17,1.1648736359476984e-14,38.5009765625,7.010128121809951e-21,2.83007937468702e-21,0.608763538781605
1270575104,2020-04-10T17:31:26,K1,4096,4096,gwf,"http://gwosc.org/archive/data/O3GK_4KHZ_R1/1269825536/K-
K1_GWOSC_O3GK_4KHZ_R1-1270575104-4096.gwf",-3.1502557813233405e-14,2.8366429777537816e-14,-3.40404430918315e-20,6.505661439857959e-15,96.7041015625,6.701679867840697e-21,9.675825080908805e-22,0.6905626659658625
1270579200,2020-04-10T18:39:42,K1,4096,4096,gwf,"http://gwosc.org/archive/data/O3GK_4KHZ_R1/1269825536/K-
K1_GWOSC_O3GK_4KHZ_R1-1270579200-4096.gwf",-3.0040206954646416e-14,2.7659657233946926e-14,1.026255358486125e-18,6.605028065470507e-15,54.248046875,6.6900120499559456e-21,1.020099741066874e-21,0.697421457719877
1270583296,2020-04-10T19:47:58,K1,4096,4096,gwf,"http://gwosc.org/archive/data/O3GK_4KHZ_R1/1269825536/K-
K1_GWOSC_O3GK_4KHZ_R1-1270583296-4096.gwf",-1.152133379445518e-13,2.793055114048508e-14,-4.487742638094688e-18,6.461877245932369e-15,86.865234375,6.909082355205361e-21,9.473692103417214e-22,0.7173279541611892
1270587392,2020-04-10T20:56:14,K1,4096,4096,gwf,"http://gwosc.org/archive/data/O3GK_4KHZ_R1/1269825536/K-
K1_GWOSC_O3GK_4KHZ_R1-1270587392-4096.gwf",-3.3598298898570064e-14,3.281669278777155e-14,-1.0089675268007499e-19,6.905662504526252e-15,100.0,7.03678313252511e-21,8.887383679896985e-22,0.7066868200882935
1270591488,2020-04-10T22:04:30,K1,4096,4096,gwf,"http://gwosc.org/archive/data/O3GK_4KHZ_R1/1269825536/K-
K1_GWOSC_O3GK_4KHZ_R1-1270591488-4096.gwf",-2.7960864273753352e-14,3.058621171127849e-14,-1.3577032726018152e-19,6.897175607578373e-15,100.0,7.165588191030352e-21,8.867110649761909e-22,0.7032029916730557
1270595584,2020-04-10T23:12:46,K1,4096,4096,gwf,"http://gwosc.org/archive/data/O3GK_4KHZ_R1/1269825536/K-
K1_GWOSC_O3GK_4KHZ_R1-1270595584-4096.gwf",-3.1414666649823774e-14,2.8283153314181877e-14,5.514525951256806e-20,6.803246328347298e-15,93.359375,7.189013265045184e-21,8.970884737439208e-22,0.7018918643375658
1270599680,2020-04-11T00:21:02,K1,4096,4096,gwf,"http://gwosc.org/archive/data/O3GK_4KHZ_R1/1269825536/K-
K1_GWOSC_O3GK_4KHZ_R1-1270599680-4096.gwf",-3.3333097085923436e-14,3.3300640960646726e-14,-1.4327219741541662e-19,7.13618983324842e-15,100.0,7.121906621248214e-21,8.936226933662002e-22,0.7168778724219426
1270603776,2020-04-11T01:29:18,K1,4096,4096,gwf,"http://gwosc.org/archive/data/O3GK_4KHZ_R1/1269825536/K-
K1_GWOSC_O3GK_4KHZ_R1-1270603776-4096.gwf",-3.2155251124435994e-14,2.9682108498854664e-14,1.1327509300093011e-19,7.066452374735915e-15,100.0,7.077354589619383e-21,8.944527483659307e-22,0.7167027641344283
1270607872,2020-04-11T02:37:34,K1,4096,4096,gwf,"http://gwosc.org/archive/data/O3GK_4KHZ_R1/1269825536/K-
K1_GWOSC_O3GK_4KHZ_R1-1270607872-4096.gwf",-2.9335262186696963e-13,2.952263603517495e-14,-3.0371034266309407e-17,7.246542148562615e-15,67.7734375,7.244970829246681e-21,9.84883806343707e-22,0.7200466070686549
1270611968,2020-04-11T03:45:50,K1,4096,4096,gwf,"http://gwosc.org/archive/data/O3GK_4KHZ_R1/1269825536/K-
K1_GWOSC_O3GK_4KHZ_R1-1270611968-4096.gwf",-3.099677202369114e-14,2.9674137197544195e-14,-1.0514075677694797e-19,6.877920812481108e-15,100.0,6.961356970916637e-21,1.0017037421093705e-21,0.6979721139330322
1270616064,2020-04-11T04:54:06,K1,4096,4096,gwf,"http://gwosc.org/archive/data/O3GK_4KHZ_R1/1269825536/K-
K1_GWOSC_O3GK_4KHZ_R1-1270616064-4096.gwf",-3.07669197009697e-14,3.339862742793756e-14,-2.088775201572092e-20,6.932311152338466e-15,100.0,6.85627905199399e-21,9.96942373877356e-22,0.7075603807180694
1270620160,2020-04-11T06:02:22,K1,4096,4096,gwf,"http://gwosc.org/archive/data/O3GK_4KHZ_R1/1269825536/K-
K1_GWOSC_O3GK_4KHZ_R1-1270620160-4096.gwf",-3.198167743925069e-14,3.0812869657574645e-14,6.034933225935907e-20,7.117946907568733e-15,100.0,6.809666922302784e-21,1.008110258302898e-21,0.7095511334064675
1270624256,2020-04-11T07:10:38,K1,4096,4096,gwf,"http://gwosc.org/archive/data/O3GK_4KHZ_R1/1269825536/K-
K1_GWOSC_O3GK_4KHZ_R1-1270624256-4096.gwf",-3.2911545407150994e-14,3.6879894593018174e-14,-1.4280588301230216e-19,7.074456368201339e-15,100.0,6.879319446781803e-21,1.0141565113109877e-21,0.7058692552767639
1270628352,2020-04-11T08:18:54,K1,4096,4096,gwf,"http://gwosc.org/archive/data/O3GK_4KHZ_R1/1269825536/K-
K1_GWOSC_O3GK_4KHZ_R1-1270628352-4096.gwf",-3.215098975268433e-14,3.188403669956745e-14,1.766670644604833e-19,7.04978153296552e-15,99.9267578125,6.903951828057513e-21,9.945355656209573e-22,0.7212381128288082
1270632448,2020-04-11T09:27:10,K1,4096,4096,gwf,"http://gwosc.org/archive/data/O3GK_4KHZ_R1/1269825536/K-
K1_GWOSC_O3GK_4KHZ_R1-1270632448-4096.gwf",-1.753537316715503e-13,3.373971524120517e-14,-1.1245325017264093e-17,7.467480445435287e-15,98.2421875,6.509142957196969e-21,1.047333279311881e-21,0.6722031071199505
1270636544,2020-04-11T10:35:26,K1,4096,4096,gwf,"http://gwosc.org/archive/data/O3GK_4KHZ_R1/1269825536/K-
K1_GWOSC_O3GK_4KHZ_R1-1270636544-4096.gwf",-2.642794740168716e-13,3.481522183069328e-14,-3.8452903428507857e-17,7.863952403410699e-15,52.392578125,6.1915703554340805e-21,1.3063929482444973e-21,0.6578071893780608
1270640640,2020-04-11T11:43:42,K1,4096,4096,gwf,"http://gwosc.org/archive/data/O3GK_4KHZ_R1/1269825536/K-
K1_GWOSC_O3GK_4KHZ_R1-1270640640-4096.gwf",-1.304347353764891e-13,3.6415211664292645e-14,-9.694784909107596e-18,7.363529494336693e-15,53.7353515625,6.272436121522381e-21,1.1439184459137379e-21,0.6645275880297887
1270644736,2020-04-11T12:51:58,K1,4096,4096,gwf,"http://gwosc.org/archive/data/O3GK_4KHZ_R1/1269825536/K-
K1_GWOSC_O3GK_4KHZ_R1-1270644736-4096.gwf",-2.902855463711762e-14,3.0706275257134644e-14,9.406612242969468e-20,6.993777744345619e-15,100.0,6.2747991916542696e-21,9.10199848932535e-22,0.6717939068748646
1270648832,2020-04-11T14:00:14,K1,4096,4096,gwf,"http://gwosc.org/archive/data/O3GK_4KHZ_R1/1269825536/K-
K1_GWOSC_O3GK_4KHZ_R1-1270648832-4096.gwf",-3.232283486060504e-14,3.74156731253197e-14,1.1337162228870582e-19,6.900940644142973e-15,100.0,6.3356583889327264e-21,9.290053059026238e-22,0.6723507458139374
1270652928,2020-04-11T15:08:30,K1,4096,4096,gwf,"http://gwosc.org/archive/data/O3GK_4KHZ_R1/1269825536/K-
K1_GWOSC_O3GK_4KHZ_R1-1270652928-4096.gwf",-1.3670735892556824e-13,2.8442590450254993e-14,-1.0033218397973224e-17,6.9133578235530354e-15,63.8427734375,6.636613816139311e-21,9.004707337608352e-22,0.7219629043665958
1270657024,2020-04-11T16:16:46,K1,4096,4096,gwf,"http://gwosc.org/archive/data/O3GK_4KHZ_R1/1269825536/K-
K1_GWOSC_O3GK_4KHZ_R1-1270657024-4096.gwf",-3.5453000406413495e-14,3.1446199080833186e-14,1.1939551886133606e-19,6.873120518023652e-15,100.0,6.942017992301415e-21,8.880949640986843e-22,0.6907172322121643
1270661120,2020-04-11T17:25:02,K1,4096,4096,gwf,"http://gwosc.org/archive/data/O3GK_4KHZ_R1/1269825536/K-
K1_GWOSC_O3GK_4KHZ_R1-1270661120-4096.gwf",-3.104588953013631e-14,3.1203904319184456e-14,-6.82116561545327e-20,6.805175925252245e-15,100.0,6.852177167231162e-21,8.85399816094175e-22,0.7028629361442065
1270665216,2020-04-11T18:33:18,K1,4096,4096,gwf,"http://gwosc.org/archive/data/O3GK_4KHZ_R1/1269825536/K-
K1_GWOSC_O3GK_4KHZ_R1-1270665216-4096.gwf",-5.1467312566743314e-14,2.963500643636385e-14,-1.4512207354947543e-18,6.85045233765909e-15,92.724609375,6.718009682561559e-21,8.858113846320479e-22,0.7112646179562289
1270669312,2020-04-11T19:41:34,K1,4096,4096,gwf,"http://gwosc.org/archive/data/O3GK_4KHZ_R1/1269825536/K-
K1_GWOSC_O3GK_4KHZ_R1-1270669312-4096.gwf",-3.6052050374637975e-14,3.6311151286040245e-14,2.504973892018934e-19,8.054261887669013e-15,51.2939453125,5.9711761483520764e-21,1.2142345321746969e-21,0.6863476516501011
1270673408,2020-04-11T20:49:50,K1,4096,4096,gwf,"http://gwosc.org/archive/data/O3GK_4KHZ_R1/1269825536/K-
K1_GWOSC_O3GK_4KHZ_R1-1270673408-4096.gwf",-3.2112433020359975e-14,3.850917823178581e-14,5.216604334806813e-20,7.662643377312601e-15,100.0,5.95991297764806e-21,1.1840291251915385e-21,0.68835421659682
1270677504,2020-04-11T21:58:06,K1,4096,4096,gwf,"http://gwosc.org/archive/data/O3GK_4KHZ_R1/1269825536/K-
K1_GWOSC_O3GK_4KHZ_R1-1270677504-4096.gwf",-3.715797059372976e-14,3.5730953937205645e-14,1.2155305365547622e-19,7.885474348666998e-15,99.21875,5.907985959683325e-21,1.173169497214884e-21,0.6882692855388639
1270681600,2020-04-11T23:06:22,K1,4096,4096,gwf,"http://gwosc.org/archive/data/O3GK_4KHZ_R1/1269825536/K-
K1_GWOSC_O3GK_4KHZ_R1-1270681600-4096.gwf",-3.9194958686228396e-14,3.365976136090807e-14,-1.1776515654190114e-19,7.938150728663064e-15,100.0,5.9947503682969356e-21,1.1647372980052957e-21,0.6831493735239281
1270685696,2020-04-12T00:14:38,K1,4096,4096,gwf,"http://gwosc.org/archive/data/O3GK_4KHZ_R1/1269825536/K-
K1_GWOSC_O3GK_4KHZ_R1-1270685696-4096.gwf",-3.554802223829541e-14,3.5139526000101156e-14,-6.597381463596498e-21,7.91654415785523e-15,100.0,6.003469371558765e-21,1.1488689342110657e-21,0.6898397343501843
1270689792,2020-04-12T01:22:54,K1,4096,4096,gwf,"http://gwosc.org/archive/data/O3GK_4KHZ_R1/1269825536/K-
K1_GWOSC_O3GK_4KHZ_R1-1270689792-4096.gwf",-3.5731061534490865e-14,3.457858736234648e-14,7.160907367014707e-20,7.758985492249738e-15,100.0,6.0610899146222814e-21,1.1359003164463876e-21,0.6830315927236621
1270693888,2020-04-12T02:31:10,K1,4096,4096,gwf,"http://gwosc.org/archive/data/O3GK_4KHZ_R1/1269825536/K-
K1_GWOSC_O3GK_4KHZ_R1-1270693888-4096.gwf",-3.421821415623157e-14,3.4941501598391136e-14,-1.2161371016590246e-19,7.833491201452914e-15,99.9267578125,5.916438165894684e-21,1.1436232870845285e-21,0.6867270328411035
1270697984,2020-04-12T03:39:26,K1,4096,4096,gwf,"http://gwosc.org/archive/data/O3GK_4KHZ_R1/1269825536/K-
K1_GWOSC_O3GK_4KHZ_R1-1270697984-4096.gwf",-3.4687717255797245e-14,3.7583133477646525e-14,4.159570349932999e-20,7.773662408789046e-15,100.0,6.029430479990942e-21,1.1474644493107029e-21,0.6908226839683835
1270702080,2020-04-12T04:47:42,K1,4096,4096,gwf,"http://gwosc.org/archive/data/O3GK_4KHZ_R1/1269825536/K-
K1_GWOSC_O3GK_4KHZ_R1-1270702080-4096.gwf",-4.0729874083037415e-14,3.422270070688468e-14,2.883097717536131e-19,7.984764226558907e-15,100.0,6.130340719801513e-21,1.1574517436126592e-21,0.6856491587107276
1270706176,2020-04-12T05:55:58,K1,4096,4096,gwf,"http://gwosc.org/archive/data/O3GK_4KHZ_R1/1269825536/K-
K1_GWOSC_O3GK_4KHZ_R1-1270706176-4096.gwf",-3.666993457272914e-14,3.6965974326585636e-14,-2.6316739830878012e-19,8.095872998603555e-15,100.0,5.878641908949587e-21,1.1441571285958613e-21,0.6686110269274301
1270710272,2020-04-12T07:04:14,K1,4096,4096,gwf,"http://gwosc.org/archive/data/O3GK_4KHZ_R1/1269825536/K-
K1_GWOSC_O3GK_4KHZ_R1-1270710272-4096.gwf",-2.7017836856473374e-13,3.8294993357003967e-14,-1.7996109435339072e-17,8.135978396583477e-15,89.2333984375,5.920630031123386e-21,1.15216808270236e-21,0.6741417832140045
1270714368,2020-04-12T08:12:30,K1,4096,4096,gwf,"http://gwosc.org/archive/data/O3GK_4KHZ_R1/1269825536/K-
K1_GWOSC_O3GK_4KHZ_R1-1270714368-4096.gwf",-2.621675385776358e-14,2.8304874558723408e-14,-7.109650750460598e-18,7.634371146210475e-15,0.8056640625,0.0,0.0,0.0
1270718464,2020-04-12T09:20:46,K1,4096,4096,gwf,"http://gwosc.org/archive/data/O3GK_4KHZ_R1/1269825536/K-
K1_GWOSC_O3GK_4KHZ_R1-1270718464-4096.gwf",-3.227706517689053e-14,2.9454867094395864e-14,-3.67180909771312e-18,8.69279118315216e-15,1.513671875,0.0,0.0,0.0
1270722560,2020-04-12T10:29:02,K1,4096,4096,gwf,"http://gwosc.org/archive/data/O3GK_4KHZ_R1/1269825536/K-
K1_GWOSC_O3GK_4KHZ_R1-1270722560-4096.gwf",-1.9951733073964662e-14,2.1499666687282625e-14,-2.85585736235667e-16,8.354347612799552e-15,0.0732421875,0.0,0.0,0.0
1270738944,2020-04-12T15:02:06,K1,4096,4096,gwf,"http://gwosc.org/archive/data/O3GK_4KHZ_R1/1269825536/K-
K1_GWOSC_O3GK_4KHZ_R1-1270738944-4096.gwf",-3.139346414501921e-14,3.236569015585043e-14,5.964794353685097e-20,7.613414109951645e-15,75.8544921875,5.785676152296071e-21,9.388147756822105e-22,0.6920291874817407
1270743040,2020-04-12T16:10:22,K1,4096,4096,gwf,"http://gwosc.org/archive/data/O3GK_4KHZ_R1/1269825536/K-
K1_GWOSC_O3GK_4KHZ_R1-1270743040-4096.gwf",-3.403133085726188e-14,3.5940936025720593e-14,-1.1413077809113169e-18,7.730208706553286e-15,82.2998046875,5.65639480217278e-21,9.653210792986493e-22,0.6845650440223511
1270747136,2020-04-12T17:18:38,K1,4096,4096,gwf,"http://gwosc.org/archive/data/O3GK_4KHZ_R1/1269825536/K-
K1_GWOSC_O3GK_4KHZ_R1-1270747136-4096.gwf",-3.474032367045262e-14,3.301062190226953e-14,3.183728997286223e-19,7.58231563739245e-15,71.337890625,5.6825774437988005e-21,8.767839614058082e-22,0.6819107465037191
1270751232,2020-04-12T18:26:54,K1,4096,4096,gwf,"http://gwosc.org/archive/data/O3GK_4KHZ_R1/1269825536/K-
K1_GWOSC_O3GK_4KHZ_R1-1270751232-4096.gwf",-3.528476055294361e-14,3.506229401102888e-14,-7.228266523512133e-20,7.540149833477895e-15,100.0,5.840081424078218e-21,8.358007028879573e-22,0.6708342912566759
1270755328,2020-04-12T19:35:10,K1,4096,4096,gwf,"http://gwosc.org/archive/data/O3GK_4KHZ_R1/1269825536/K-
K1_GWOSC_O3GK_4KHZ_R1-1270755328-4096.gwf",-3.5145628499217206e-14,4.108788151044502e-14,-5.548293852254854e-20,7.828104300030239e-15,100.0,5.610038093055428e-21,8.259321254586647e-22,0.6611596535083388
1270759424,2020-04-12T20:43:26,K1,4096,4096,gwf,"http://gwosc.org/archive/data/O3GK_4KHZ_R1/1269825536/K-
K1_GWOSC_O3GK_4KHZ_R1-1270759424-4096.gwf",-2.5282212633539047e-12,3.8072108765124404e-14,-6.950841082549017e-16,2.7648260866079636e-14,29.638671875,5.4233041434304244e-21,8.881725583254782e-22,0.6122503110447075
1270906880,2020-04-14T13:41:02,K1,4096,4096,gwf,"http://gwosc.org/archive/data/O3GK_4KHZ_R1/1270874112/K-
K1_GWOSC_O3GK_4KHZ_R1-1270906880-4096.gwf",-3.4657319149428296e-14,3.6885498524832635e-14,1.4903548110166148e-18,9.470425652580091e-15,13.671875,7.412071860340159e-21,1.441052321715149e-21,0.6757787905513943
1270910976,2020-04-14T14:49:18,K1,4096,4096,gwf,"http://gwosc.org/archive/data/O3GK_4KHZ_R1/1270874112/K-
K1_GWOSC_O3GK_4KHZ_R1-1270910976-4096.gwf",-2.6680918145979614e-13,3.61488544136092e-14,-7.472011442910987e-17,9.18735266006336e-15,31.54296875,7.13296579787182e-21,8.753573141304866e-22,0.5917028722973977
1270923264,2020-04-14T18:14:06,K1,4096,4096,gwf,"http://gwosc.org/archive/data/O3GK_4KHZ_R1/1270874112/K-
K1_GWOSC_O3GK_4KHZ_R1-1270923264-4096.gwf",-2.6651380548450373e-13,3.5324284290350196e-14,-5.797378591362317e-17,8.844270555781815e-15,31.689453125,6.886991854451285e-21,9.592134230260144e-22,0.6223246223466277
1270927360,2020-04-14T19:22:22,K1,4096,4096,gwf,"http://gwosc.org/archive/data/O3GK_4KHZ_R1/1270874112/K-
K1_GWOSC_O3GK_4KHZ_R1-1270927360-4096.gwf",-2.275366028772021e-13,3.453285192916591e-14,-2.0749013025594377e-17,8.407536735387343e-15,69.3359375,7.044799753074432e-21,1.202965439363989e-21,0.6391087350349931
1270931456,2020-04-14T20:30:38,K1,4096,4096,gwf,"http://gwosc.org/archive/data/O3GK_4KHZ_R1/1270874112/K-
K1_GWOSC_O3GK_4KHZ_R1-1270931456-4096.gwf",-2.493500316983549e-13,3.0139027904586525e-14,-1.6036411716431546e-16,9.245629049833703e-15,12.158203125,7.744024594571826e-21,1.4651289761425859e-21,0.6105768001830705
1270935552,2020-04-14T21:38:54,K1,4096,4096,gwf,"http://gwosc.org/archive/data/O3GK_4KHZ_R1/1270874112/K-
K1_GWOSC_O3GK_4KHZ_R1-1270935552-4096.gwf",-3.8476345830953784e-14,3.5795975606722195e-14,1.6619557876742108e-20,8.067292209655513e-15,53.8330078125,7.004607338307301e-21,1.1379062743533274e-21,0.6413152764936952
1270943744,2020-04-14T23:55:26,K1,4096,4096,gwf,"http://gwosc.org/archive/data/O3GK_4KHZ_R1/1270874112/K-
K1_GWOSC_O3GK_4KHZ_R1-1270943744-4096.gwf",-1.4580387456215002e-13,3.4040981474239276e-14,-1.9736653770314086e-17,7.792086943028296e-15,29.7607421875,6.734916779442147e-21,1.3194865759509333e-21,0.6126136506797303
1270972416,2020-04-15T07:53:18,K1,4096,4096,gwf,"http://gwosc.org/archive/data/O3GK_4KHZ_R1/1270874112/K-
K1_GWOSC_O3GK_4KHZ_R1-1270972416-4096.gwf",-1.395425624125804e-13,3.262851469306516e-14,-1.2953011894229079e-17,7.197495463692383e-15,59.1796875,0.0,0.0,0.0
1270976512,2020-04-15T09:01:34,K1,4096,4096,gwf,"http://gwosc.org/archive/data/O3GK_4KHZ_R1/1270874112/K-
K1_GWOSC_O3GK_4KHZ_R1-1270976512-4096.gwf",-4.0062165350282556e-14,4.357297587525248e-14,7.602506250262144e-19,9.3222376155801e-15,46.7529296875,6.95275595437765e-21,1.3291383997304013e-21,0.5798687110644332
1270980608,2020-04-15T10:09:50,K1,4096,4096,gwf,"http://gwosc.org/archive/data/O3GK_4KHZ_R1/1270874112/K-
K1_GWOSC_O3GK_4KHZ_R1-1270980608-4096.gwf",-4.124373165705028e-14,4.7099321884128985e-14,-1.6153476086027781e-19,9.255763459571141e-15,100.0,6.806831841895158e-21,1.2946148376879365e-21,0.5513556117312729
1270984704,2020-04-15T11:18:06,K1,4096,4096,gwf,"http://gwosc.org/archive/data/O3GK_4KHZ_R1/1270874112/K-
K1_GWOSC_O3GK_4KHZ_R1-1270984704-4096.gwf",-3.1687392690690863e-13,3.9412604051897655e-14,-4.0962793296064746e-17,9.511227468126694e-15,70.5322265625,6.915606667904686e-21,1.165488701897904e-21,0.5434096165211761
1270988800,2020-04-15T12:26:22,K1,4096,4096,gwf,"http://gwosc.org/archive/data/O3GK_4KHZ_R1/1270874112/K-
K1_GWOSC_O3GK_4KHZ_R1-1270988800-4096.gwf",-3.766585138577615e-14,3.877317567192069e-14,1.012258527400879e-18,1.0923141807591218e-14,7.7392578125,6.5008077072083265e-21,1.5342072097273216e-21,0.370324149597354
1270992896,2020-04-15T13:34:38,K1,4096,4096,gwf,"http://gwosc.org/archive/data/O3GK_4KHZ_R1/1270874112/K-
K1_GWOSC_O3GK_4KHZ_R1-1270992896-4096.gwf",-5.738468804489287e-14,5.4024077002471436e-14,8.866515150376933e-20,1.1918178536295302e-14,100.0,5.942934337911799e-21,1.5006502845744142e-21,0.4368646208594801
1270996992,2020-04-15T14:42:54,K1,4096,4096,gwf,"http://gwosc.org/archive/data/O3GK_4KHZ_R1/1270874112/K-
K1_GWOSC_O3GK_4KHZ_R1-1270996992-4096.gwf",-5.38900073396142e-14,5.453601722297449e-14,-2.469275944936595e-20,1.21992133498599e-14,100.0,5.8213081332757e-21,1.5103652684318534e-21,0.4245549729248859
1271001088,2020-04-15T15:51:10,K1,4096,4096,gwf,"http://gwosc.org/archive/data/O3GK_4KHZ_R1/1270874112/K-
K1_GWOSC_O3GK_4KHZ_R1-1271001088-4096.gwf",-3.76978903903225e-13,4.0844852514369183e-14,-1.4032788751679952e-16,1.2662396435651828e-14,25.146484375,5.981010041993468e-21,1.4951434371906263e-21,0.4397548317453949
1271009280,2020-04-15T18:07:42,K1,4096,4096,gwf,"http://gwosc.org/archive/data/O3GK_4KHZ_R1/1270874112/K-
K1_GWOSC_O3GK_4KHZ_R1-1271009280-4096.gwf",-3.333915550066048e-14,3.3068308023488807e-14,-2.822886278701464e-19,6.666851826338071e-15,57.4951171875,6.040573815756976e-21,1.1258338234025049e-21,0.6768443039281691
1271013376,2020-04-15T19:15:58,K1,4096,4096,gwf,"http://gwosc.org/archive/data/O3GK_4KHZ_R1/1270874112/K-
K1_GWOSC_O3GK_4KHZ_R1-1271013376-4096.gwf",-3.244775655443809e-14,3.0818872932265104e-14,2.7096608872028848e-20,6.7236072582879984e-15,99.9267578125,5.973652841100637e-21,1.1283176447534169e-21,0.6883849693902069
1271017472,2020-04-15T20:24:14,K1,4096,4096,gwf,"http://gwosc.org/archive/data/O3GK_4KHZ_R1/1270874112/K-
K1_GWOSC_O3GK_4KHZ_R1-1271017472-4096.gwf",-1.964369739598584e-14,2.179954537810068e-14,1.6127936731689214e-18,6.34632414420348e-15,2.685546875,6.287572450734087e-21,1.1769232888991452e-21,0.830363225940357
1271029760,2020-04-15T23:49:02,K1,4096,4096,gwf,"http://gwosc.org/archive/data/O3GK_4KHZ_R1/1270874112/K-
K1_GWOSC_O3GK_4KHZ_R1-1271029760-4096.gwf",-2.7320887781259295e-14,3.033021867281309e-14,-1.2003836695597464e-19,6.498259317837306e-15,45.9716796875,8.425434422936158e-21,1.2072024534700686e-21,0.543307968610481
1271033856,2020-04-16T00:57:18,K1,4096,4096,gwf,"http://gwosc.org/archive/data/O3GK_4KHZ_R1/1270874112/K-
K1_GWOSC_O3GK_4KHZ_R1-1271033856-4096.gwf",-3.1733438190076755e-14,2.885698119510006e-14,-1.6690995849521677e-19,6.426141405314645e-15,76.9775390625,8.545845296008478e-21,6.950421471905572e-21,0.5478021863621516
1271037952,2020-04-16T02:05:34,K1,4096,4096,gwf,"http://gwosc.org/archive/data/O3GK_4KHZ_R1/1270874112/K-
K1_GWOSC_O3GK_4KHZ_R1-1271037952-4096.gwf",-3.290707358178202e-12,3.1278762398069994e-14,-3.311501296084258e-16,2.172556997264593e-14,46.97265625,8.200080499621032e-21,5.936169721056108e-21,0.610265622683798
1271042048,2020-04-16T03:13:50,K1,4096,4096,gwf,"http://gwosc.org/archive/data/O3GK_4KHZ_R1/1270874112/K-
K1_GWOSC_O3GK_4KHZ_R1-1271042048-4096.gwf",-2.9797840548345445e-14,3.3302586416847086e-14,2.0437067533037398e-18,7.54430397267606e-15,7.4951171875,8.220038989361935e-21,1.13115980860476e-21,0.6000074704256433
1271046144,2020-04-16T04:22:06,K1,4096,4096,gwf,"http://gwosc.org/archive/data/O3GK_4KHZ_R1/1270874112/K-
K1_GWOSC_O3GK_4KHZ_R1-1271046144-4096.gwf",-3.5356029564325566e-14,3.3914658479993984e-14,-1.142124843345049e-19,7.711817570782472e-15,98.8525390625,8.465236754235512e-21,1.2259343887024986e-21,0.5529461349942109
1271050240,2020-04-16T05:30:22,K1,4096,4096,gwf,"http://gwosc.org/archive/data/O3GK_4KHZ_R1/1270874112/K-
K1_GWOSC_O3GK_4KHZ_R1-1271050240-4096.gwf",-1.9505405935349654e-13,3.3112332615624545e-14,-2.6155676370618294e-17,7.750868420319927e-15,48.974609375,8.039361887590596e-21,1.3098325868459478e-21,0.5384798010205135
1271054336,2020-04-16T06:38:38,K1,4096,4096,gwf,"http://gwosc.org/archive/data/O3GK_4KHZ_R1/1270874112/K-
K1_GWOSC_O3GK_4KHZ_R1-1271054336-4096.gwf",-3.310768367428185e-13,2.847480028329546e-14,-4.226482148870726e-17,7.167383063769987e-15,73.92578125,8.00218676586837e-21,1.2034247090230498e-21,0.651533985668588
1271058432,2020-04-16T07:46:54,K1,4096,4096,gwf,"http://gwosc.org/archive/data/O3GK_4KHZ_R1/1270874112/K-
K1_GWOSC_O3GK_4KHZ_R1-1271058432-4096.gwf",-3.081645047274333e-14,2.6914943739883768e-14,-4.443328611284907e-20,6.551696998606831e-15,99.9267578125,7.894819131156589e-21,1.3410765526056856e-21,0.6703136495739104
1271062528,2020-04-16T08:55:10,K1,4096,4096,gwf,"http://gwosc.org/archive/data/O3GK_4KHZ_R1/1270874112/K-
K1_GWOSC_O3GK_4KHZ_R1-1271062528-4096.gwf",-2.766478715699136e-14,2.9501736713399964e-14,-3.1552697198475477e-20,6.508082349736665e-15,100.0,8.012147607482647e-21,1.3411978793488637e-21,0.6739151038514286
1271066624,2020-04-16T10:03:26,K1,4096,4096,gwf,"http://gwosc.org/archive/data/O3GK_4KHZ_R1/1270874112/K-
K1_GWOSC_O3GK_4KHZ_R1-1271066624-4096.gwf",-2.833585658412997e-14,2.896401575465854e-14,1.1663686980271908e-19,6.682844298531946e-15,100.0,8.100704240185982e-21,1.3689083125897554e-21,0.672769065864064
1271070720,2020-04-16T11:11:42,K1,4096,4096,gwf,"http://gwosc.org/archive/data/O3GK_4KHZ_R1/1270874112/K-
K1_GWOSC_O3GK_4KHZ_R1-1271070720-4096.gwf",-3.3910386713697655e-13,3.619838692146499e-14,-3.805891852965274e-17,7.362860007493081e-15,70.41015625,7.899149650936228e-21,1.3603457568374369e-21,0.6651899458668868
1271078912,2020-04-16T13:28:14,K1,4096,4096,gwf,"http://gwosc.org/archive/data/O3GK_4KHZ_R1/1270874112/K-
K1_GWOSC_O3GK_4KHZ_R1-1271078912-4096.gwf",-3.074588567021553e-14,3.0220383675845237e-14,8.834727758610915e-21,6.871222756665916e-15,81.8603515625,8.036486870288216e-21,1.184251662204323e-21,0.6070518717186993
1271083008,2020-04-16T14:36:30,K1,4096,4096,gwf,"http://gwosc.org/archive/data/O3GK_4KHZ_R1/1270874112/K-
K1_GWOSC_O3GK_4KHZ_R1-1271083008-4096.gwf",-2.7661620365367142e-14,2.805001728604181e-14,2.336047529637635e-20,6.701729706034922e-15,100.0,8.27786768891057e-21,1.1230633058443245e-21,0.63612801543725
1271087104,2020-04-16T15:44:46,K1,4096,4096,gwf,"http://gwosc.org/archive/data/O3GK_4KHZ_R1/1270874112/K-
K1_GWOSC_O3GK_4KHZ_R1-1271087104-4096.gwf",-3.634166944060205e-14,4.242194424140338e-14,2.906249859455277e-20,6.899912981686699e-15,100.0,8.04365990280858e-21,1.1719358717730437e-21,0.6263905505971138
1271091200,2020-04-16T16:53:02,K1,4096,4096,gwf,"http://gwosc.org/archive/data/O3GK_4KHZ_R1/1270874112/K-
K1_GWOSC_O3GK_4KHZ_R1-1271091200-4096.gwf",-2.5245775843177937e-13,3.2435348341304504e-14,-6.714779195685532e-17,7.605725524618205e-15,19.970703125,8.135315253965485e-21,1.7126694410818507e-21,0.5866951209391302
1271095296,2020-04-16T18:01:18,K1,4096,4096,gwf,"http://gwosc.org/archive/data/O3GK_4KHZ_R1/1270874112/K-
K1_GWOSC_O3GK_4KHZ_R1-1271095296-4096.gwf",-3.0691163125010603e-14,3.1763818167786444e-14,9.525969200464638e-21,6.723333432933511e-15,100.0,8.655457067951235e-21,1.5261262960526219e-21,0.5916120296093346
1271099392,2020-04-16T19:09:34,K1,4096,4096,gwf,"http://gwosc.org/archive/data/O3GK_4KHZ_R1/1270874112/K-
K1_GWOSC_O3GK_4KHZ_R1-1271099392-4096.gwf",-3.0616956886401807e-14,2.823067242406544e-14,2.3977695607259628e-20,6.774275597361747e-15,100.0,8.46118431389387e-21,1.533545985889378e-21,0.6037572389694082
1271103488,2020-04-16T20:17:50,K1,4096,4096,gwf,"http://gwosc.org/archive/data/O3GK_4KHZ_R1/1270874112/K-
K1_GWOSC_O3GK_4KHZ_R1-1271103488-4096.gwf",-1.4309476422771178e-13,2.847051890289037e-14,-6.0586481339418486e-18,6.744826932469837e-15,87.9150390625,7.942071300071153e-21,1.372517723893608e-21,0.6137941869552388
1271107584,2020-04-16T21:26:06,K1,4096,4096,gwf,"http://gwosc.org/archive/data/O3GK_4KHZ_R1/1270874112/K-
K1_GWOSC_O3GK_4KHZ_R1-1271107584-4096.gwf",-3.3568715781194543e-13,2.5223051871055963e-14,-4.83722427632294e-16,1.2307171762859105e-14,5.517578125,7.331958885527479e-21,1.1632496175885585e-21,0.5853168019331206
1271111680,2020-04-16T22:34:22,K1,4096,4096,gwf,"http://gwosc.org/archive/data/O3GK_4KHZ_R1/1270874112/K-
K1_GWOSC_O3GK_4KHZ_R1-1271111680-4096.gwf",-6.259766579333023e-14,3.006149016206486e-14,-1.1914348165877773e-17,7.470713763478264e-15,10.4736328125,7.206235196249811e-21,1.7992630763366102e-21,0.5933290172899264
1271115776,2020-04-16T23:42:38,K1,4096,4096,gwf,"http://gwosc.org/archive/data/O3GK_4KHZ_R1/1270874112/K-
K1_GWOSC_O3GK_4KHZ_R1-1271115776-4096.gwf",-2.1148064857884507e-14,1.96626280388666e-14,2.7340974133956646e-17,6.591460441867076e-15,0.927734375,0.0,0.0,0.0
1271119872,2020-04-17T00:50:54,K1,4096,4096,gwf,"http://gwosc.org/archive/data/O3GK_4KHZ_R1/1270874112/K-
K1_GWOSC_O3GK_4KHZ_R1-1271119872-4096.gwf",-3.2028580978398325e-14,3.10065151698856e-14,-9.566850890096803e-21,7.163879066135688e-15,100.0,7.261327437074023e-21,1.2407344026492337e-21,0.7073022684641368
1271123968,2020-04-17T01:59:10,K1,4096,4096,gwf,"http://gwosc.org/archive/data/O3GK_4KHZ_R1/1270874112/K-
K1_GWOSC_O3GK_4KHZ_R1-1271123968-4096.gwf",-2.752381063117447e-13,3.462730021822468e-14,-3.831368018595138e-17,8.471709244913468e-15,73.5107421875,7.227563264208797e-21,1.3780195340065638e-21,0.7158147618017991
1271128064,2020-04-17T03:07:26,K1,4096,4096,gwf,"http://gwosc.org/archive/data/O3GK_4KHZ_R1/1270874112/K-
K1_GWOSC_O3GK_4KHZ_R1-1271128064-4096.gwf",-2.924994933859292e-14,3.1586764402269026e-14,-1.9239778517250253e-19,6.941022016012485e-15,96.435546875,7.064051492502807e-21,1.0224224760617281e-21,0.7165838147052196
1271132160,2020-04-17T04:15:42,K1,4096,4096,gwf,"http://gwosc.org/archive/data/O3GK_4KHZ_R1/1270874112/K-
K1_GWOSC_O3GK_4KHZ_R1-1271132160-4096.gwf",-3.5701542931145546e-14,3.3253315431574694e-14,9.607160934079417e-20,6.9104095836507925e-15,100.0,6.927981653315512e-21,1.0087734677073469e-21,0.7152729942129762
1271136256,2020-04-17T05:23:58,K1,4096,4096,gwf,"http://gwosc.org/archive/data/O3GK_4KHZ_R1/1270874112/K-
K1_GWOSC_O3GK_4KHZ_R1-1271136256-4096.gwf",-3.1486200851560627e-14,3.0486483089612176e-14,1.1279903969943174e-19,6.677383039871318e-15,100.0,6.943855598807488e-21,1.001754849917402e-21,0.7240833388729646
1271140352,2020-04-17T06:32:14,K1,4096,4096,gwf,"http://gwosc.org/archive/data/O3GK_4KHZ_R1/1270874112/K-
K1_GWOSC_O3GK_4KHZ_R1-1271140352-4096.gwf",-1.1866131278613285e-13,3.432679671511231e-14,-6.226687548993277e-18,7.245996625977179e-15,64.599609375,7.139107196947038e-21,1.4523290819306682e-21,0.7171139685126935
1271144448,2020-04-17T07:40:30,K1,4096,4096,gwf,"http://gwosc.org/archive/data/O3GK_4KHZ_R1/1270874112/K-
K1_GWOSC_O3GK_4KHZ_R1-1271144448-4096.gwf",-4.3385766544043474e-14,3.2645429704757283e-14,-2.226868440255537e-18,7.380215837278307e-15,38.5986328125,7.802398627673725e-21,1.793417650499562e-21,0.6919001250749915
1271148544,2020-04-17T08:48:46,K1,4096,4096,gwf,"http://gwosc.org/archive/data/O3GK_4KHZ_R1/1270874112/K-
K1_GWOSC_O3GK_4KHZ_R1-1271148544-4096.gwf",-3.5924188114568904e-14,3.898858279390552e-14,6.162717850227515e-20,7.211203802875257e-15,100.0,7.597967749302984e-21,2.9119064813713007e-21,0.686202877030807
1271152640,2020-04-17T09:57:02,K1,4096,4096,gwf,"http://gwosc.org/archive/data/O3GK_4KHZ_R1/1270874112/K-
K1_GWOSC_O3GK_4KHZ_R1-1271152640-4096.gwf",-3.468365340148747e-14,3.4316403639110345e-14,1.1934028384931892e-19,7.342819433428527e-15,100.0,7.8105965106768e-21,2.915609050881921e-21,0.6803385100748389
1271156736,2020-04-17T11:05:18,K1,4096,4096,gwf,"http://gwosc.org/archive/data/O3GK_4KHZ_R1/1270874112/K-
K1_GWOSC_O3GK_4KHZ_R1-1271156736-4096.gwf",-2.026135394921981e-13,3.5444271666095916e-14,-1.3114559104275732e-17,7.513761959484392e-15,97.36328125,7.773253342864042e-21,2.9341905114994917e-21,0.6653376421742261
1271160832,2020-04-17T12:13:34,K1,4096,4096,gwf,"http://gwosc.org/archive/data/O3GK_4KHZ_R1/1270874112/K-
K1_GWOSC_O3GK_4KHZ_R1-1271160832-4096.gwf",-3.1331770255067395e-14,3.0202506953236165e-14,4.906399259006518e-20,6.961242124472068e-15,86.3525390625,7.864911950173983e-21,2.1288451562742208e-21,0.6656571295031544
1271164928,2020-04-17T13:21:50,K1,4096,4096,gwf,"http://gwosc.org/archive/data/O3GK_4KHZ_R1/1270874112/K-
K1_GWOSC_O3GK_4KHZ_R1-1271164928-4096.gwf",-2.875817548425369e-14,2.9249789049250424e-14,-2.6444654634290084e-20,6.7725211907610445e-15,100.0,7.713502284753381e-21,2.1163024636198413e-21,0.6694650554700992
1271169024,2020-04-17T14:30:06,K1,4096,4096,gwf,"http://gwosc.org/archive/data/O3GK_4KHZ_R1/1270874112/K-
K1_GWOSC_O3GK_4KHZ_R1-1271169024-4096.gwf",-3.08749949931051e-14,3.0637412972772694e-14,4.791913300589653e-20,6.963496092693341e-15,100.0,7.793110429493202e-21,2.119068579839085e-21,0.6644286900569288
1271173120,2020-04-17T15:38:22,K1,4096,4096,gwf,"http://gwosc.org/archive/data/O3GK_4KHZ_R1/1270874112/K-
K1_GWOSC_O3GK_4KHZ_R1-1271173120-4096.gwf",-3.129032604835005e-14,3.493195781958247e-14,1.3923475847864716e-19,7.026656897878514e-15,99.21875,7.781183471562774e-21,2.103181317262569e-21,0.6490934896911238
1271177216,2020-04-17T16:46:38,K1,4096,4096,gwf,"http://gwosc.org/archive/data/O3GK_4KHZ_R1/1270874112/K-
K1_GWOSC_O3GK_4KHZ_R1-1271177216-4096.gwf",-1.355566849244275e-13,3.002879622783198e-14,-1.4458859905153978e-17,7.057466237133492e-15,41.455078125,7.58917993619116e-21,2.134172557639037e-21,0.660644969355652
1271185408,2020-04-17T19:03:10,K1,4096,4096,gwf,"http://gwosc.org/archive/data/O3GK_4KHZ_R1/1270874112/K-
K1_GWOSC_O3GK_4KHZ_R1-1271185408-4096.gwf",-1.606877296695666e-13,2.2225664865558902e-14,-3.9711147209798844e-16,9.200119657197233e-15,2.0751953125,5.6327642359557255e-21,1.476246804591653e-21,0.8197728035100889
1271226368,2020-04-18T06:25:50,K1,4096,4096,gwf,"http://gwosc.org/archive/data/O3GK_4KHZ_R1/1270874112/K-
K1_GWOSC_O3GK_4KHZ_R1-1271226368-4096.gwf",-2.4956297512084405e-13,2.2872377655662656e-14,-1.7928857410233495e-16,8.078560522098245e-15,6.4453125,1.1350803225896974e-20,6.355333772627648e-21,0.4875897160367387
1271230464,2020-04-18T07:34:06,K1,4096,4096,gwf,"http://gwosc.org/archive/data/O3GK_4KHZ_R1/1270874112/K-
K1_GWOSC_O3GK_4KHZ_R1-1271230464-4096.gwf",-4.2089293864878253e-13,2.70438322487716e-14,-8.72312017197916e-17,8.046250850821214e-15,38.6962890625,8.119139357685751e-21,2.8634384910227814e-21,0.6718198531868076
1271246848,2020-04-18T12:07:10,K1,4096,4096,gwf,"http://gwosc.org/archive/data/O3GK_4KHZ_R1/1270874112/K-
K1_GWOSC_O3GK_4KHZ_R1-1271246848-4096.gwf",-2.751867366754172e-12,3.820535656126778e-14,-4.0072550729798453e-16,2.543471068315896e-14,41.8701171875,6.829467022892819e-21,1.54288474055323e-21,0.4323179499077815
1271259136,2020-04-18T15:31:58,K1,4096,4096,gwf,"http://gwosc.org/archive/data/O3GK_4KHZ_R1/1270874112/K-
K1_GWOSC_O3GK_4KHZ_R1-1271259136-4096.gwf",-3.3968049887934474e-14,2.8951392922769e-14,1.0325702963454256e-19,6.728461301608872e-15,98.4375,7.429185848842383e-21,3.038975412463222e-21,0.5243492916309722
1271263232,2020-04-18T16:40:14,K1,4096,4096,gwf,"http://gwosc.org/archive/data/O3GK_4KHZ_R1/1270874112/K-
K1_GWOSC_O3GK_4KHZ_R1-1271263232-4096.gwf",-3.308971983250471e-14,2.9653880573939154e-14,-1.6673039559886562e-19,6.554888698036942e-15,84.130859375,7.448602576528113e-21,2.994222792643943e-21,0.5773599382888512
1271267328,2020-04-18T17:48:30,K1,4096,4096,gwf,"http://gwosc.org/archive/data/O3GK_4KHZ_R1/1270874112/K-
K1_GWOSC_O3GK_4KHZ_R1-1271267328-4096.gwf",-2.9192546460545954e-14,2.848625535348737e-14,8.173979454091975e-20,6.5479056217520336e-15,100.0,7.231501813814511e-21,3.028581424351652e-21,0.6302349201193642
1271271424,2020-04-18T18:56:46,K1,4096,4096,gwf,"http://gwosc.org/archive/data/O3GK_4KHZ_R1/1270874112/K-
K1_GWOSC_O3GK_4KHZ_R1-1271271424-4096.gwf",-2.974929933242476e-14,3.0065998056097325e-14,-1.1199636634582835e-19,6.434084085859468e-15,100.0,7.713875736796352e-21,3.0769039262146226e-21,0.6485376794669395
1271275520,2020-04-18T20:05:02,K1,4096,4096,gwf,"http://gwosc.org/archive/data/O3GK_4KHZ_R1/1270874112/K-
K1_GWOSC_O3GK_4KHZ_R1-1271275520-4096.gwf",-3.3231081756933895e-14,3.5019876352852594e-14,6.3951525584844564e-21,6.563181951216869e-15,100.0,7.645175344861373e-21,3.1053577582839992e-21,0.6531090587340506
1271279616,2020-04-18T21:13:18,K1,4096,4096,gwf,"http://gwosc.org/archive/data/O3GK_4KHZ_R1/1270874112/K-
K1_GWOSC_O3GK_4KHZ_R1-1271279616-4096.gwf",-2.676480088258689e-13,3.112306294227555e-14,-1.3799204770548437e-17,6.954832816110231e-15,86.8408203125,7.982066381637177e-21,3.0661460436526747e-21,0.6452449845562999
1271283712,2020-04-18T22:21:34,K1,4096,4096,gwf,"http://gwosc.org/archive/data/O3GK_4KHZ_R1/1270874112/K-
K1_GWOSC_O3GK_4KHZ_R1-1271283712-4096.gwf",-3.5389446778769184e-14,3.28426053154173e-14,7.754339854763465e-21,6.714772798728285e-15,100.0,8.027991858363672e-21,3.0874397455105104e-21,0.623384599594137
1271287808,2020-04-18T23:29:50,K1,4096,4096,gwf,"http://gwosc.org/archive/data/O3GK_4KHZ_R1/1270874112/K-
K1_GWOSC_O3GK_4KHZ_R1-1271287808-4096.gwf",-3.7272592588220056e-14,3.3306243847432016e-14,-2.338322407001002e-20,6.733265836730138e-15,100.0,7.737859005631367e-21,2.9866556621922912e-21,0.6317025500434457
1271291904,2020-04-19T00:38:06,K1,4096,4096,gwf,"http://gwosc.org/archive/data/O3GK_4KHZ_R1/1270874112/K-
K1_GWOSC_O3GK_4KHZ_R1-1271291904-4096.gwf",-2.9972337530258025e-14,3.0295520408065945e-14,-5.1958289736174365e-20,6.5332287220852845e-15,100.0,7.510670377845369e-21,2.8665005774768818e-21,0.6018092490254189
1271296000,2020-04-19T01:46:22,K1,4096,4096,gwf,"http://gwosc.org/archive/data/O3GK_4KHZ_R1/1270874112/K-
K1_GWOSC_O3GK_4KHZ_R1-1271296000-4096.gwf",-3.024193014129543e-14,2.906064012577146e-14,1.0315540906133898e-19,6.7093631013206084e-15,100.0,6.674903470174635e-21,2.6789909676554694e-21,0.5221298981630883
1271300096,2020-04-19T02:54:38,K1,4096,4096,gwf,"http://gwosc.org/archive/data/O3GK_4KHZ_R1/1270874112/K-
K1_GWOSC_O3GK_4KHZ_R1-1271300096-4096.gwf",-1.914310479121423e-12,3.0303941086492544e-14,-1.2915304549136589e-16,1.1605804381824392e-14,69.04296875,6.740217956983101e-21,2.83639153107824e-21,0.6110761639511301
1271304192,2020-04-19T04:02:54,K1,4096,4096,gwf,"http://gwosc.org/archive/data/O3GK_4KHZ_R1/1270874112/K-
K1_GWOSC_O3GK_4KHZ_R1-1271304192-4096.gwf",-3.1126298008834295e-14,3.311451957329143e-14,6.0920493661642905e-21,6.566982739917866e-15,100.0,7.322637316865864e-21,3.0772520706316688e-21,0.6724090306357123
1271308288,2020-04-19T05:11:10,K1,4096,4096,gwf,"http://gwosc.org/archive/data/O3GK_4KHZ_R1/1270874112/K-
K1_GWOSC_O3GK_4KHZ_R1-1271308288-4096.gwf",-2.947894186558533e-14,2.9853073924559057e-14,1.4358681715806253e-19,6.475811872293584e-15,100.0,7.289347243147006e-21,3.067575822553325e-21,0.6822661608577443
1271312384,2020-04-19T06:19:26,K1,4096,4096,gwf,"http://gwosc.org/archive/data/O3GK_4KHZ_R1/1270874112/K-
K1_GWOSC_O3GK_4KHZ_R1-1271312384-4096.gwf",-2.9379762039166637e-14,2.7126921124447518e-14,-1.3824025710372337e-19,6.558774087010049e-15,100.0,7.366312499299748e-21,3.0756324598195257e-21,0.6734831093798651
1271316480,2020-04-19T07:27:42,K1,4096,4096,gwf,"http://gwosc.org/archive/data/O3GK_4KHZ_R1/1270874112/K-
K1_GWOSC_O3GK_4KHZ_R1-1271316480-4096.gwf",-3.091135493408976e-14,2.9378083646936026e-14,2.2869475642705688e-20,6.781718785231793e-15,100.0,7.451183884055511e-21,3.0495800207240032e-21,0.6521717885134442
1271320576,2020-04-19T08:35:58,K1,4096,4096,gwf,"http://gwosc.org/archive/data/O3GK_4KHZ_R1/1270874112/K-
K1_GWOSC_O3GK_4KHZ_R1-1271320576-4096.gwf",-3.337291202941209e-14,3.214515982208483e-14,-6.5597550755329255e-22,6.8677057415589474e-15,100.0,7.210714781998253e-21,3.073576550352776e-21,0.6072449287920134
1271324672,2020-04-19T09:44:14,K1,4096,4096,gwf,"http://gwosc.org/archive/data/O3GK_4KHZ_R1/1270874112/K-
K1_GWOSC_O3GK_4KHZ_R1-1271324672-4096.gwf",-3.1075943846548546e-14,3.163518998781262e-14,-4.296874857500184e-20,6.75845992662769e-15,80.9326171875,8.857137265950972e-21,2.5459266985035056e-21,0.541794661614435
1271328768,2020-04-19T10:52:30,K1,4096,4096,gwf,"http://gwosc.org/archive/data/O3GK_4KHZ_R1/1270874112/K-
K1_GWOSC_O3GK_4KHZ_R1-1271328768-4096.gwf",-2.9513928373090463e-14,2.7764953885430513e-14,-5.426461851214869e-19,6.5453320121305285e-15,36.6943359375,8.994424499991717e-21,2.551231188017412e-21,0.527870330855083
1271332864,2020-04-19T12:00:46,K1,4096,4096,gwf,"http://gwosc.org/archive/data/O3GK_4KHZ_R1/1270874112/K-
K1_GWOSC_O3GK_4KHZ_R1-1271332864-4096.gwf",-3.1711973910310746e-14,3.2526760551818204e-14,1.4676277359629617e-19,7.0889344374683866e-15,89.8681640625,8.350853618896929e-21,3.6143875926666936e-21,0.6625443685589357
1271336960,2020-04-19T13:09:02,K1,4096,4096,gwf,"http://gwosc.org/archive/data/O3GK_4KHZ_R1/1270874112/K-
K1_GWOSC_O3GK_4KHZ_R1-1271336960-4096.gwf",-3.4836996127581456e-14,3.3067822024657904e-14,2.158224024311918e-20,7.396260276216727e-15,88.037109375,8.170529046847183e-21,3.715868031256373e-21,0.6450224286111524
1271341056,2020-04-19T14:17:18,K1,4096,4096,gwf,"http://gwosc.org/archive/data/O3GK_4KHZ_R1/1270874112/K-
K1_GWOSC_O3GK_4KHZ_R1-1271341056-4096.gwf",-3.4310614014052204e-14,3.657096882590879e-14,-5.100231991481797e-20,8.042538275352191e-15,100.0,7.773198873506122e-21,3.339583158589964e-21,0.6097893767880591
1271345152,2020-04-19T15:25:34,K1,4096,4096,gwf,"http://gwosc.org/archive/data/O3GK_4KHZ_R1/1270874112/K-
K1_GWOSC_O3GK_4KHZ_R1-1271345152-4096.gwf",-3.5450871596882034e-14,3.428831326511505e-14,-1.1998570462339812e-20,8.075577472180732e-15,100.0,7.556089884184309e-21,3.2874727091633426e-21,0.6015764593842186
1271349248,2020-04-19T16:33:50,K1,4096,4096,gwf,"http://gwosc.org/archive/data/O3GK_4KHZ_R1/1270874112/K-
K1_GWOSC_O3GK_4KHZ_R1-1271349248-4096.gwf",-3.480715291080284e-14,3.5231356504464243e-14,1.2342316953449303e-19,7.882243029725257e-15,100.0,7.636315333891809e-21,3.326782158864308e-21,0.5958289555322334
1271353344,2020-04-19T17:42:06,K1,4096,4096,gwf,"http://gwosc.org/archive/data/O3GK_4KHZ_R1/1270874112/K-
K1_GWOSC_O3GK_4KHZ_R1-1271353344-4096.gwf",-3.685942898178594e-14,3.741459080111644e-14,7.677562234761581e-21,8.04814954468004e-15,99.90234375,7.85977477210837e-21,3.3395245760870904e-21,0.6094358234058205
1271357440,2020-04-19T18:50:22,K1,4096,4096,gwf,"http://gwosc.org/archive/data/O3GK_4KHZ_R1/1270874112/K-
K1_GWOSC_O3GK_4KHZ_R1-1271357440-4096.gwf",-3.63156950256369e-14,3.676800002407391e-14,-1.5669469519929745e-21,8.017563115332291e-15,100.0,8.051932783884661e-21,3.3823227683908547e-21,0.6057349121798011
1271361536,2020-04-19T19:58:38,K1,4096,4096,gwf,"http://gwosc.org/archive/data/O3GK_4KHZ_R1/1270874112/K-
K1_GWOSC_O3GK_4KHZ_R1-1271361536-4096.gwf",-3.949333670193429e-13,2.7383125966667996e-14,-8.900309761412611e-17,7.90588066309832e-15,39.8193359375,8.614106593269146e-21,3.133496298116423e-21,0.6410747645440309
1271373824,2020-04-19T23:23:26,K1,4096,4096,gwf,"http://gwosc.org/archive/data/O3GK_4KHZ_R1/1270874112/K-
K1_GWOSC_O3GK_4KHZ_R1-1271373824-4096.gwf",-2.4569067418124673e-14,2.5773595940422886e-14,-1.1183266468104157e-18,6.242203245278971e-15,12.4755859375,7.768551289132917e-21,2.6335927311659624e-21,0.5673468895236902
1271377920,2020-04-20T00:31:42,K1,4096,4096,gwf,"http://gwosc.org/archive/data/O3GK_4KHZ_R1/1270874112/K-
K1_GWOSC_O3GK_4KHZ_R1-1271377920-4096.gwf",-6.580866483435902e-14,2.7680276758667544e-14,-1.503551436445043e-18,6.510961092189537e-15,88.6962890625,7.194740639240512e-21,2.6908704994779244e-21,0.5752075251905053
1271382016,2020-04-20T01:39:58,K1,4096,4096,gwf,"http://gwosc.org/archive/data/O3GK_4KHZ_R1/1270874112/K-
K1_GWOSC_O3GK_4KHZ_R1-1271382016-4096.gwf",-3.885965647654408e-13,2.854707858836005e-14,-3.416158711796781e-17,7.082512023658655e-15,88.18359375,7.01020434874689e-21,2.687570918367363e-21,0.5744498614392437
1271386112,2020-04-20T02:48:14,K1,4096,4096,gwf,"http://gwosc.org/archive/data/O3GK_4KHZ_R1/1270874112/K-
K1_GWOSC_O3GK_4KHZ_R1-1271386112-4096.gwf",-1.3877711263565897e-13,3.1350845198152134e-14,-1.7497289819538693e-17,6.50990361357672e-15,61.5234375,6.502717240663981e-21,2.8289752267329067e-21,0.5319261699484165
1271394304,2020-04-20T05:04:46,K1,4096,4096,gwf,"http://gwosc.org/archive/data/O3GK_4KHZ_R1/1270874112/K-
K1_GWOSC_O3GK_4KHZ_R1-1271394304-4096.gwf",-2.9603381146875896e-14,2.5443279852247794e-14,-1.4731759547022564e-19,6.227858340247014e-15,73.1689453125,7.169228920374051e-21,3.5220916503886005e-21,0.6125069560724329
1271398400,2020-04-20T06:13:02,K1,4096,4096,gwf,"http://gwosc.org/archive/data/O3GK_4KHZ_R1/1270874112/K-
K1_GWOSC_O3GK_4KHZ_R1-1271398400-4096.gwf",-2.736606452808715e-13,2.5558311004262652e-14,-1.2813759708706561e-17,6.4483839696159945e-15,88.525390625,7.293907623744258e-21,3.520260120072869e-21,0.6193291630602846
1271402496,2020-04-20T07:21:18,K1,4096,4096,gwf,"http://gwosc.org/archive/data/O3GK_4KHZ_R1/1270874112/K-
K1_GWOSC_O3GK_4KHZ_R1-1271402496-4096.gwf",-2.4081871177717873e-13,2.5952701880238755e-14,-6.47093975222989e-17,7.384663174321873e-15,24.21875,7.235243581168107e-21,3.306304674585624e-21,0.5614012305903504
1271406592,2020-04-20T08:29:34,K1,4096,4096,gwf,"http://gwosc.org/archive/data/O3GK_4KHZ_R1/1270874112/K-
K1_GWOSC_O3GK_4KHZ_R1-1271406592-4096.gwf",-2.9627208495667087e-14,2.8912760926114544e-14,-1.0689118937932768e-19,6.4885118515106906e-15,82.5439453125,7.950761658277412e-21,3.396084005679654e-21,0.5359321740288601
1271410688,2020-04-20T09:37:50,K1,4096,4096,gwf,"http://gwosc.org/archive/data/O3GK_4KHZ_R1/1270874112/K-
K1_GWOSC_O3GK_4KHZ_R1-1271410688-4096.gwf",-2.503286229163216e-13,2.760866035957757e-14,-3.004322389773293e-17,6.957210761569458e-15,59.1552734375,7.89639454146756e-21,3.447224857339333e-21,0.4882029958653375
1271414784,2020-04-20T10:46:06,K1,4096,4096,gwf,"http://gwosc.org/archive/data/O3GK_4KHZ_R1/1270874112/K-
K1_GWOSC_O3GK_4KHZ_R1-1271414784-4096.gwf",-3.039235470401561e-14,3.101208323832174e-14,2.5723193938914126e-20,6.213803374550237e-15,77.1240234375,7.327841387423942e-21,3.49649164411103e-21,0.5682848462949479
1271418880,2020-04-20T11:54:22,K1,4096,4096,gwf,"http://gwosc.org/archive/data/O3GK_4KHZ_R1/1270874112/K-
K1_GWOSC_O3GK_4KHZ_R1-1271418880-4096.gwf",-3.2246456690030697e-14,2.8799448730685044e-14,3.13288375945694e-20,6.372782358162433e-15,100.0,7.340577658651287e-21,3.476356189659321e-21,0.542592887135268
1271422976,2020-04-20T13:02:38,K1,4096,4096,gwf,"http://gwosc.org/archive/data/O3GK_4KHZ_R1/1270874112/K-
K1_GWOSC_O3GK_4KHZ_R1-1271422976-4096.gwf",-3.0597610272519685e-14,2.8814615368568583e-14,7.286951548763291e-20,6.467057964195651e-15,100.0,6.6648546624958646e-21,3.336006635927764e-21,0.5475911113882873
1271427072,2020-04-20T14:10:54,K1,4096,4096,gwf,"http://gwosc.org/archive/data/O3GK_4KHZ_R1/1270874112/K-
K1_GWOSC_O3GK_4KHZ_R1-1271427072-4096.gwf",-2.8079270570738502e-14,2.6950218857351342e-14,-9.402184505105384e-20,6.268989693465441e-15,100.0,6.3021375493876994e-21,3.1060253036850845e-21,0.4907373596391637
1271431168,2020-04-20T15:19:10,K1,4096,4096,gwf,"http://gwosc.org/archive/data/O3GK_4KHZ_R1/1270874112/K-
K1_GWOSC_O3GK_4KHZ_R1-1271431168-4096.gwf",-1.144432581963681e-13,3.3807442837923014e-14,-4.915229094282926e-18,6.8985288285363545e-15,83.10546875,5.9631822075221374e-21,2.957923026374661e-21,0.4837404996425152
1271435264,2020-04-20T16:27:26,K1,4096,4096,gwf,"http://gwosc.org/archive/data/O3GK_4KHZ_R1/1270874112/K-
K1_GWOSC_O3GK_4KHZ_R1-1271435264-4096.gwf",-3.4984849527953583e-14,3.4477401983355284e-14,1.4078497181897264e-19,7.401730267125834e-15,100.0,5.9107982701603404e-21,3.033992502608248e-21,0.4435088037785592
1271439360,2020-04-20T17:35:42,K1,4096,4096,gwf,"http://gwosc.org/archive/data/O3GK_4KHZ_R1/1270874112/K-
K1_GWOSC_O3GK_4KHZ_R1-1271439360-4096.gwf",-3.584878948288371e-13,3.2394445928486966e-14,-4.2040080923359926e-17,8.242836163318593e-15,88.0615234375,6.002454118817188e-21,3.0574246645433057e-21,0.4592458639139857
1271443456,2020-04-20T18:43:58,K1,4096,4096,gwf,"http://gwosc.org/archive/data/O3GK_4KHZ_R1/1270874112/K-
K1_GWOSC_O3GK_4KHZ_R1-1271443456-4096.gwf",-7.343474765187766e-14,3.267244004984999e-14,-4.582285765314879e-18,7.285516853149506e-15,49.6826171875,6.671425088012157e-21,3.1287643654432377e-21,0.5074581750415788
1271447552,2020-04-20T19:52:14,K1,4096,4096,gwf,"http://gwosc.org/archive/data/O3GK_4KHZ_R1/1270874112/K-
K1_GWOSC_O3GK_4KHZ_R1-1271447552-4096.gwf",-9.50751774920061e-13,3.7964153346422057e-14,-6.352950023572463e-17,8.911024603068951e-15,85.64453125,6.706671307986219e-21,3.128828633138473e-21,0.4949063478778634
1271451648,2020-04-20T21:00:30,K1,4096,4096,gwf,"http://gwosc.org/archive/data/O3GK_4KHZ_R1/1270874112/K-
K1_GWOSC_O3GK_4KHZ_R1-1271451648-4096.gwf",-1.6282546445946865e-13,3.733115622695957e-14,-1.8550006059727088e-17,8.096580139050131e-15,57.71484375,7.861673553582052e-21,2.64148911156838e-21,0.4131787399669213
1271455744,2020-04-20T22:08:46,K1,4096,4096,gwf,"http://gwosc.org/archive/data/O3GK_4KHZ_R1/1270874112/K-
K1_GWOSC_O3GK_4KHZ_R1-1271455744-4096.gwf",-3.091937279313152e-14,3.039714795228731e-14,4.705284275790997e-20,6.7896097423453895e-15,68.603515625,8.393970883653966e-21,2.72512230880253e-21,0.5708019768962749
1271459840,2020-04-20T23:17:02,K1,4096,4096,gwf,"http://gwosc.org/archive/data/O3GK_4KHZ_R1/1270874112/K-
K1_GWOSC_O3GK_4KHZ_R1-1271459840-4096.gwf",-2.7663687125123974e-14,2.997830823830214e-14,-6.529905484980012e-20,6.685687346970261e-15,62.939453125,8.538611200483931e-21,2.750995351078849e-21,0.5721064207021618
