,e_1,e_2,e_3,e_4,e_5,e_6,e_7
e_1,0.722,-0.636,0.264,-0.071,0.014,-0.002,0.0
e_2,0.636,0.458,-0.565,0.249,-0.069,0.014,-0.002
e_3,0.264,0.565,0.472,-0.567,0.25,-0.069,0.014
e_4,0.071,0.249,0.567,0.472,-0.567,0.249,-0.071
e_5,0.014,0.069,0.25,0.567,0.472,-0.565,0.264
e_6,0.002,0.014,0.069,0.249,0.565,0.458,-0.636
e_7,0.0,0.002,0.014,0.071,0.264,0.636,0.722
