[metadata]
grid_size = 32
lbm_steps = 5000
nu_base = 0.333
lambda = 200.0

[correlation]
t_statistic = 0.24718381280048013
p_value = 0.8047659721934002
effect_size = 0.005641967761411061
mean_frustration_channels = 0.3455415366815863
mean_frustration_background = 0.3449599293758588
n_channel = 2048
n_background = 30720
n_channels_detected = 1

[null_model]
p_value = 0.01
n_permutations = 1000

[[channels]]
id = 0
size = 2048
mean_velocity = 0.012265624999999723
max_velocity = 0.012343750000000014
x_min = 0
x_max = 31
y_min = 0
y_max = 31
z_min = 30
z_max = 31
