# Canonical TOML dataset migrated from curated CSV.
# Generated by src/scripts/analysis/migrate_legacy_csv_to_toml.py

[dataset]
id = "CU-0089"
slug = "g2_rotation_matrix_1"
source_csv = "curated/01_theory_frameworks/G2_Rotation_Matrix_1.csv"
source_sha256 = "6a2a80bb6e0ab99a5a580c596629057fac9a3b0337c30ba94b2ea5eb281046e2"
source_size_bytes = 357
has_header = true
delimiter = ","
quotechar = "\""
row_count = 7
column_count = 8
header_value_sha256 = "6eff53f57d2e3c2c2e3baa2bcd282d8a59f4846512ece00c2d59d6534891da6c"
row_value_sha256 = "fd522ff839b8e69cfa9ab56c56ef29459391fd38dc74d6d3c6bb0850e6ba32f7"
migrated_on = "2026-02-09"
migrated_by = "src/scripts/analysis/migrate_legacy_csv_to_toml.py"

header = [
  "col_1",
  "e_1",
  "e_2",
  "e_3",
  "e_4",
  "e_5",
  "e_6",
  "e_7",
]

original_header = [
  "",
  "e_1",
  "e_2",
  "e_3",
  "e_4",
  "e_5",
  "e_6",
  "e_7",
]

rows = [
  ["e_1", "0.722", "-0.636", "0.264", "-0.071", "0.014", "-0.002", "0.0"],
  ["e_2", "0.636", "0.458", "-0.565", "0.249", "-0.069", "0.014", "-0.002"],
  ["e_3", "0.264", "0.565", "0.472", "-0.567", "0.25", "-0.069", "0.014"],
  ["e_4", "0.071", "0.249", "0.567", "0.472", "-0.567", "0.249", "-0.071"],
  ["e_5", "0.014", "0.069", "0.25", "0.567", "0.472", "-0.565", "0.264"],
  ["e_6", "0.002", "0.014", "0.069", "0.249", "0.565", "0.458", "-0.636"],
  ["e_7", "0.0", "0.002", "0.014", "0.071", "0.264", "0.636", "0.722"],
]

[[column]]
index = 1
name = "col_1"
original_name = ""
inferred_type = "string"
non_empty_count = 7
empty_count = 0

[[column]]
index = 2
name = "e_1"
original_name = "e_1"
inferred_type = "float"
non_empty_count = 7
empty_count = 0

[[column]]
index = 3
name = "e_2"
original_name = "e_2"
inferred_type = "float"
non_empty_count = 7
empty_count = 0

[[column]]
index = 4
name = "e_3"
original_name = "e_3"
inferred_type = "float"
non_empty_count = 7
empty_count = 0

[[column]]
index = 5
name = "e_4"
original_name = "e_4"
inferred_type = "float"
non_empty_count = 7
empty_count = 0

[[column]]
index = 6
name = "e_5"
original_name = "e_5"
inferred_type = "float"
non_empty_count = 7
empty_count = 0

[[column]]
index = 7
name = "e_6"
original_name = "e_6"
inferred_type = "float"
non_empty_count = 7
empty_count = 0

[[column]]
index = 8
name = "e_7"
original_name = "e_7"
inferred_type = "float"
non_empty_count = 7
empty_count = 0
