# Canonical TOML dataset migrated from curated CSV.
# Generated by src/scripts/analysis/migrate_legacy_csv_to_toml.py

[dataset]
id = "CU-0033"
slug = "combined_g2_transformation"
source_csv = "curated/01_theory_frameworks/Combined_G2_Transformation.csv"
source_sha256 = "6e3cf8c37161b809a01272f011c755fa817f59e708b9e931c45d09edc920408d"
source_size_bytes = 370
has_header = true
delimiter = ","
quotechar = "\""
row_count = 7
column_count = 8
header_value_sha256 = "6eff53f57d2e3c2c2e3baa2bcd282d8a59f4846512ece00c2d59d6534891da6c"
row_value_sha256 = "28270a7832b6b0b6c4980e6a97e1760f5ae9d512c28831e86a6cc242de0e5532"
migrated_on = "2026-02-09"
migrated_by = "src/scripts/analysis/migrate_legacy_csv_to_toml.py"

header = [
  "col_1",
  "e_1",
  "e_2",
  "e_3",
  "e_4",
  "e_5",
  "e_6",
  "e_7",
]

original_header = [
  "",
  "e_1",
  "e_2",
  "e_3",
  "e_4",
  "e_5",
  "e_6",
  "e_7",
]

rows = [
  ["e_1", "0.569", "-0.537", "0.562", "-0.05", "-0.049", "0.246", "-0.08"],
  ["e_2", "0.288", "0.252", "-0.079", "0.774", "-0.003", "0.339", "0.364"],
  ["e_3", "-0.041", "0.217", "0.353", "-0.16", "0.84", "-0.003", "0.308"],
  ["e_4", "-0.531", "-0.122", "0.04", "-0.031", "0.052", "0.816", "-0.179"],
  ["e_5", "-0.29", "-0.466", "-0.031", "-0.091", "-0.193", "-0.072", "0.804"],
  ["e_6", "0.196", "-0.511", "-0.668", "0.073", "0.482", "0.029", "-0.124"],
  ["e_7", "0.432", "0.328", "-0.323", "-0.598", "-0.139", "0.391", "0.268"],
]

[[column]]
index = 1
name = "col_1"
original_name = ""
inferred_type = "string"
non_empty_count = 7
empty_count = 0

[[column]]
index = 2
name = "e_1"
original_name = "e_1"
inferred_type = "float"
non_empty_count = 7
empty_count = 0

[[column]]
index = 3
name = "e_2"
original_name = "e_2"
inferred_type = "float"
non_empty_count = 7
empty_count = 0

[[column]]
index = 4
name = "e_3"
original_name = "e_3"
inferred_type = "float"
non_empty_count = 7
empty_count = 0

[[column]]
index = 5
name = "e_4"
original_name = "e_4"
inferred_type = "float"
non_empty_count = 7
empty_count = 0

[[column]]
index = 6
name = "e_5"
original_name = "e_5"
inferred_type = "float"
non_empty_count = 7
empty_count = 0

[[column]]
index = 7
name = "e_6"
original_name = "e_6"
inferred_type = "float"
non_empty_count = 7
empty_count = 0

[[column]]
index = 8
name = "e_7"
original_name = "e_7"
inferred_type = "float"
non_empty_count = 7
empty_count = 0
